140 140 196
0.001 1 1
0 1 3 5 5 6.87632704937 9.77292397361
1 3 5 5 15 -1.19534490641 -7.63332812348
2 3 3 5 25 6.36470652474 0.631445850723
3 3 4 5 35 -6.7211999536 9.9657979775
4 3 4 5 45 3.54802660909 5.04691454894
5 1 2 5 55 9.58763655339 -6.49233606475
6 2 4 5 65 7.43166946056 7.18034054862
7 2 3 5 75 -2.5894716614 -8.80497480766
8 2 4 5 85 -6.02047564112 8.14870914082
9 3 3 5 95 7.1527182802 -8.71646956437
10 2 3 5 105 3.40601926975 7.81119319036
11 3 2 5 115 3.92894786146 -1.65673873283
12 1 2 5 125 -4.5216481219 0.740661868497
13 2 4 5 135 -2.72941157709 -8.54806829081
14 1 2 15 5 -3.61744724776 -6.27309529904
15 2 1 15 15 8.757674483 5.83778881601
16 1 1 15 25 -5.04684634592 2.32669942332
17 1 1 15 35 -0.428446920659 -9.68990462886
18 3 4 15 45 5.52890023491 5.14658238623
19 3 1 15 55 3.80544721792 1.83628295922
20 3 5 15 65 8.22023185807 -8.11733184204
21 1 3 15 75 3.4851144195 2.03519601936
22 3 5 15 85 4.79513020412 6.22247849848
23 2 1 15 95 -9.37779984078 -4.69102861331
24 1 5 15 105 -3.92160569182 -5.10874614776
25 2 5 15 115 4.62327898871 -8.51439288455
26 3 2 15 125 3.29877491332 7.99231443553
27 2 4 15 135 5.46919469139 -9.70986573145
28 1 3 25 5 -8.34675364026 -6.21502598139
29 1 5 25 15 9.24441630037 8.46673953063
30 3 2 25 25 -0.814292839061 6.53833629842
31 2 4 25 35 4.32599186176 4.85526184011
32 3 3 25 45 -3.18730881113 -3.8963848082
33 3 1 25 55 7.74322937765 5.21516020077
34 1 5 25 65 -3.85799435795 -0.696717208014
35 2 2 25 75 1.84550958213 -1.00371602727
36 1 4 25 85 8.59334931899 8.89369807545
37 2 4 25 95 -2.08005091729 0.117470269905
38 3 5 25 105 -7.39912343225 -9.6484154321
39 1 1 25 115 0.605765461064 -4.96574853552
40 1 2 25 125 -3.74330230684 0.849828901281
41 2 4 25 135 -5.95407347168 -3.61821815048
42 1 3 35 5 -8.55067232087 6.25307096697
43 3 2 35 15 8.68694294473 -1.04705567116
44 1 5 35 25 -2.67053769209 5.5387372679
45 3 5 35 35 1.9798435077 -9.11949559601
46 1 1 35 45 1.4410741361 -7.65563836551
47 2 4 35 55 -8.36434752968 -4.86735554179
48 2 1 35 65 3.06989788862 1.56854287002
49 1 1 35 75 -7.63958470768 4.86379768594
50 1 5 35 85 -4.72933259577 0.48811655778
51 3 1 35 95 -7.92007236694 8.8604921388
52 1 1 35 105 -0.095366340498 -5.06581780452
53 3 3 35 115 -5.00910864012 4.98374954081
54 3 2 35 125 9.02785645003 -1.5199971527
55 2 2 35 135 9.57368005493 1.78696337158
56 3 5 45 5 7.25700922116 1.57147612412
57 2 3 45 15 5.1205593889 -8.51948187208
58 3 2 45 25 0.0765630143015 8.28553436504
59 1 5 45 35 -6.29914487052 -8.16909333699
60 3 1 45 45 0.742608185346 1.66948741497
61 3 4 45 55 -0.355290273203 1.29508192899
62 3 2 45 65 9.9087629741 -4.83103659031
63 3 2 45 75 7.26414267663 -2.2079769556
64 3 5 45 85 -5.6659903542 7.58909611679
65 1 5 45 95 9.25167906224 -1.90291160604
66 1 2 45 105 8.24142597877 -8.63982519674
67 3 4 45 115 -7.66805970123 -2.67629772085
68 2 1 45 125 8.77435092553 -5.58260773527
69 2 5 45 135 5.64546551829 -6.64875550729
70 2 4 55 5 8.02819687513 2.39448053907
71 1 4 55 15 2.88847959504 5.30102517525
72 3 1 55 25 0.793277627118 -4.71351363502
73 2 5 55 35 -6.98034514804 -0.067156163553
74 2 4 55 45 7.70957598833 -2.86527969802
75 3 4 55 55 -9.82703082342 -0.704923445193
76 3 4 55 65 4.17067860387 -7.08342204704
77 1 3 55 75 -7.41945026068 2.38770259625
78 2 2 55 85 -0.149513965806 -9.79088990737
79 1 1 55 95 6.41006234627 9.87499400506
80 2 5 55 105 -1.85987622951 -3.8761111089
81 3 1 55 115 -1.19016996194 -1.70189404823
82 3 3 55 125 -5.84786384076 1.07024049786
83 3 1 55 135 5.74754535632 5.02351585639
84 2 5 65 5 5.83844613183 -4.132030308
85 3 3 65 15 -7.32628514381 -1.83720498614
86 3 2 65 25 -2.71303999998 7.66509520861
87 2 5 65 35 1.86158780909 -0.362855157396
88 2 3 65 45 -9.06625357271 -1.22133058757
89 2 1 65 55 3.65029606708 -8.45256010929
90 3 3 65 65 8.56668635225 6.07855909861
91 1 1 65 75 -4.98882085156 7.85050219593
92 1 5 65 85 -2.91340117696 9.08507327076
93 2 3 65 95 -1.4602426424 4.54586671842
94 3 2 65 105 9.65366389985 -4.0711298785
95 3 4 65 115 6.10732796256 -9.10893801208
96 2 2 65 125 2.51725563258 6.82702024581
97 1 2 65 135 0.383037305828 -9.03589239166
98 1 1 75 5 4.52399421413 1.34129840307
99 3 4 75 15 -2.22431961711 -2.99920215278
100 1 2 75 25 -1.78303307339 3.29984182564
101 2 4 75 35 -3.290922854 -1.30269064721
102 3 4 75 45 3.72650617886 -9.95895337122
103 1 3 75 55 -8.26408552847 7.79457491693
104 3 4 75 65 2.47974054228 -4.19508069218
105 1 5 75 75 0.839254996304 -9.84922208766
106 1 2 75 85 7.40517241633 -7.65612775516
107 2 5 75 95 1.61808235399 -0.13091860396
108 1 4 75 105 -1.70587628414 1.81219085926
109 3 2 75 115 -7.36460479787 5.19458658386
110 3 5 75 125 1.81293775276 9.74591993357
111 2 1 75 135 5.08528873665 -9.45232271706
112 2 5 85 5 -3.86132976774 5.80203422288
113 2 1 85 15 5.38658511975 -7.87413276916
114 3 2 85 25 4.88207819794 4.99423984048
115 3 5 85 35 -0.801560901859 -3.12435890651
116 3 1 85 45 -4.06493788184 3.29957258377
117 2 2 85 55 4.83799688599 3.4391760953
118 1 5 85 65 1.53808101522 9.59427777976
119 1 2 85 75 -5.6001117789 -5.88443902166
120 2 2 85 85 -8.06829101588 -6.33917119204
121 2 5 85 95 0.893727353114 7.65502294707
122 1 3 85 105 9.38216089675 5.13141095391
123 1 2 85 115 -4.98680314576 -5.74429310189
124 1 5 85 125 5.1600421991 -4.8840510651
125 2 3 85 135 2.90454135293 -7.65379339999
126 3 2 95 5 -4.08618423855 -3.23909025991
127 1 1 95 15 -4.45856890217 4.65261250032
128 3 1 95 25 -8.54166565874 -7.34638494228
129 1 5 95 35 3.12082544688 8.7012568133
130 2 4 95 45 0.0507717510467 -0.217069437304
131 2 4 95 55 5.35804421794 -7.85368101563
132 3 3 95 65 2.68635840698 -2.52778033565
133 3 5 95 75 -7.84268751781 2.14913393055
134 1 1 95 85 -9.47137060072 -8.63271086786
135 2 3 95 95 0.393621882678 -3.87880343067
136 2 3 95 105 3.29918024256 5.70051400953
137 2 4 95 115 -5.78955788066 5.63440228436
138 3 4 95 125 -9.11951485643 -1.5050843542
139 2 3 95 135 5.84464615376 8.13025017905
140 2 4 105 5 -6.8640087068 6.96008059427
141 3 1 105 15 9.11763090109 -9.52093155802
142 2 2 105 25 2.43606030224 2.72892369106
143 1 4 105 35 9.66339392963 -1.01967695294
144 1 1 105 45 4.0012832421 -8.38810102486
145 2 2 105 55 0.931069783675 3.62619858196
146 2 4 105 65 1.72243110647 -8.60984546967
147 2 2 105 75 9.70060777855 -3.03500648737
148 2 1 105 85 -2.62453847368 2.39197989471
149 2 2 105 95 1.33238566975 2.50019006172
150 3 3 105 105 -6.70472050021 9.28219051198
151 3 5 105 115 5.78020390307 3.01730387423
152 1 3 105 125 9.43569375299 -7.50410745471
153 1 5 105 135 3.66789908146 -0.255885925609
154 3 1 115 5 -7.42376508218 -9.45699643374
155 2 2 115 15 9.46622950952 -5.30198048055
156 1 3 115 25 9.03175280403 -7.73265052126
157 3 3 115 35 -2.74443224716 7.070701425
158 1 3 115 45 2.38204841773 8.60152267915
159 1 4 115 55 -3.93107033621 -0.623165598042
160 2 2 115 65 9.52644185759 3.74401380321
161 2 5 115 75 -9.63707143371 -7.16585883274
162 3 5 115 85 9.34021250761 -8.96886977961
163 3 3 115 95 5.43518034069 1.56188896754
164 2 5 115 105 -4.17834919733 1.71549427287
165 2 2 115 115 -7.07149285394 2.6189127996
166 1 1 115 125 -0.449411473903 2.45259072116
167 3 2 115 135 2.35549514485 3.03121304167
168 3 5 125 5 -1.63134171431 8.58676126688
169 1 5 125 15 -9.25673854191 -9.49813299791
170 1 1 125 25 7.50654043199 4.08705874804
171 2 4 125 35 9.25634133516 2.35602835417
172 1 3 125 45 9.91429729796 -6.92968108532
173 2 1 125 55 6.33935161635 -8.08421337365
174 2 2 125 65 -7.06463089063 7.55272629301
175 1 3 125 75 -8.62330317289 -8.85964946107
176 1 5 125 85 3.08811884605 -6.55812645636
177 2 2 125 95 5.79759037155 -6.46933688238
178 1 1 125 105 -7.88615314938 0.131819075198
179 2 2 125 115 -2.03637012051 -4.04880572287
180 2 1 125 125 -4.2582002486 5.77295130169
181 3 4 125 135 -8.65516817046 3.50197840217
182 3 4 135 5 -0.277403719623 -1.41401614754
183 1 3 135 15 -5.24588347186 -4.91686544315
184 3 1 135 25 -6.42823234813 -2.31325307395
185 2 3 135 35 1.79161173728 -9.86861041117
186 3 3 135 45 8.30540748118 7.50617023811
187 2 3 135 55 -8.48135740894 -9.34076348944
188 1 5 135 65 -6.54393908571 -1.89581037701
189 2 2 135 75 3.37991153473 -4.71145279972
190 3 5 135 85 0.59584752802 -8.04812019888
191 3 2 135 95 0.504447645798 7.72341326411
192 1 2 135 105 -0.802046538367 0.207360754046
193 3 1 135 115 5.60731716186 5.75581111429
194 1 5 135 125 -7.9336727834 -2.97771154536
195 2 1 135 135 -4.28751073722 5.21274336417
