280 280 784
0.001 1 1
0 3 4 5 5 7.07040423786 -2.29220991841
1 1 1 5 15 -4.65266469216 -7.63519315146
2 3 3 5 25 -3.5349146365 -4.51392375077
3 1 3 5 35 -7.41285917842 9.72551280771
4 3 5 5 45 -9.47612361693 8.90991825973
5 1 5 5 55 -1.86573841199 6.36863926305
6 2 3 5 65 7.99005229551 -6.39496708074
7 1 5 5 75 2.5870179835 -5.05867869862
8 2 3 5 85 -8.33604690534 -4.21138632051
9 1 1 5 95 2.41764064257 6.24757129705
10 3 3 5 105 -7.11421129784 -7.75513381981
11 2 1 5 115 -7.36201933215 -1.69601893082
12 1 2 5 125 4.49955613581 1.04518049941
13 2 2 5 135 6.24433424665 -0.686686661153
14 1 3 5 145 9.16475745432 6.69472341321
15 2 1 5 155 -6.06670025428 8.05736579189
16 1 3 5 165 3.66891374179 -0.927650189251
17 2 4 5 175 -8.95147361433 -6.0676383912
18 3 4 5 185 4.65175723582 -5.36976032364
19 3 4 5 195 3.74317531623 0.564861396958
20 1 1 5 205 -8.15891424684 -4.88625990655
21 3 4 5 215 -4.54447642896 0.545677041389
22 1 3 5 225 -6.90869736553 -5.62063350658
23 2 2 5 235 6.52288236016 -8.96736007593
24 3 3 5 245 0.764576041633 8.12933158272
25 2 5 5 255 -1.22053625591 -5.28364536079
26 1 2 5 265 -5.89465975559 8.79168281539
27 2 2 5 275 -0.00163883586076 -6.34935091443
28 3 3 15 5 1.91818120876 7.07355061957
29 2 5 15 15 -7.8731949419 9.11184202609
30 1 5 15 25 1.09561744504 5.59758214424
31 2 5 15 35 -6.28665978689 -7.51408444901
32 3 5 15 45 -6.32899002024 -0.324891434068
33 3 2 15 55 6.43408055021 8.48385228424
34 1 3 15 65 9.53334870892 2.248318298
35 1 3 15 75 -2.98120128502 -9.16432001122
36 1 5 15 85 -2.56055140943 6.33457351682
37 2 5 15 95 6.61583108724 5.25671962535
38 2 1 15 105 -2.8903031429 -9.40743121293
39 1 3 15 115 -5.45907349277 1.38560772796
40 3 5 15 125 7.54305139799 -7.21094902743
41 2 2 15 135 5.48337056054 -4.27450538771
42 3 3 15 145 -8.07220746056 1.80141540467
43 1 3 15 155 6.78278389717 5.05185953149
44 3 4 15 165 9.75187017149 2.2255144629
45 3 4 15 175 4.98653278316 -2.59396778997
46 2 1 15 185 0.509879489537 -6.23113510576
47 2 4 15 195 6.67992922857 -7.0284680839
48 2 1 15 205 -9.42260155541 3.56219516243
49 3 5 15 215 -4.39463762996 -7.63832037255
50 1 1 15 225 5.24211488467 -5.21369282322
51 2 5 15 235 8.457500444 1.02955036469
52 2 5 15 245 0.353197608372 -1.58725186725
53 2 1 15 255 6.82307611351 -2.22269535749
54 2 2 15 265 6.59435289041 -8.61295556851
55 1 4 15 275 -3.40690668919 -4.38524365576
56 1 5 25 5 3.18075956325 8.45816022869
57 3 2 25 15 -5.25406754106 -6.91939744019
58 1 4 25 25 3.87740912614 -6.0783147615
59 2 3 25 35 -8.62271969409 -2.81187497544
60 3 4 25 45 2.0113945347 4.8342688209
61 1 5 25 55 7.20651691557 1.71319287537
62 1 5 25 65 -8.34579438897 -9.58168681338
63 2 4 25 75 -2.52597209587 3.22691449092
64 2 4 25 85 -7.43263407588 -2.23397268864
65 2 4 25 95 1.68211120448 -0.440466768895
66 1 3 25 105 -7.81832628963 -1.08292034101
67 3 1 25 115 0.927029480003 -2.49651090404
68 3 2 25 125 -3.62982470506 -4.42360624029
69 1 4 25 135 -3.22306361755 2.37371827198
70 3 2 25 145 6.85603029892 -3.49571490775
71 1 2 25 155 3.79575628928 9.06948786284
72 1 3 25 165 3.74536354477 7.40507728296
73 3 3 25 175 5.2297518053 -2.52061884851
74 3 3 25 185 -6.75696609302 -8.40885284612
75 3 3 25 195 -7.20725969087 -7.05227489201
76 2 5 25 205 -0.88752516472 -1.2455193911
77 2 5 25 215 -6.71134605334 -7.77063309102
78 3 5 25 225 6.56979996529 -7.19262199418
79 2 2 25 235 2.36484378492 -0.973669060507
80 1 1 25 245 3.40616335324 -2.03181230536
81 2 5 25 255 6.93703963757 -3.46325685577
82 2 2 25 265 -0.145797316344 -1.66124542074
83 3 1 25 275 1.46342148445 -9.04258005
84 3 5 35 5 -9.55742187909 -1.36898723841
85 1 5 35 15 9.00766167457 0.547886640904
86 3 5 35 25 -5.72537527236 5.27495040121
87 2 4 35 35 -3.02111423281 6.54222658407
88 3 1 35 45 7.12465624801 5.53883378569
89 2 3 35 55 -7.49533563279 5.50081740215
90 1 5 35 65 -4.28182151249 -6.27746843582
91 1 2 35 75 1.05491419652 -4.09086181266
92 1 2 35 85 -3.06152179854 -3.519951971
93 1 3 35 95 5.0713099956 -9.25332096165
94 3 1 35 105 7.08987598652 2.73998800947
95 3 4 35 115 0.542780986998 -4.44315621648
96 1 1 35 125 -7.44895788801 -7.46353914551
97 1 1 35 135 7.65083814096 3.77751017524
98 2 5 35 145 -0.919331063756 -4.16323991808
99 3 1 35 155 4.01328862262 7.30482929296
100 1 2 35 165 3.58598447822 -2.43107489934
101 3 2 35 175 2.78578201439 4.99460564681
102 2 5 35 185 -2.68229997502 6.15206037043
103 1 2 35 195 9.63976669173 3.25365025981
104 3 5 35 205 -5.43764577506 -7.12337054193
105 2 1 35 215 -2.75737942185 -3.67218227797
106 2 1 35 225 -0.861023916631 -5.90139646194
107 1 1 35 235 6.11436704263 0.525984733585
108 3 3 35 245 4.08862167851 -4.76333302713
109 1 5 35 255 -7.07252262258 -1.88653160281
110 2 5 35 265 -2.76362138102 -6.6646877797
111 3 3 35 275 2.27385171065 8.17282244863
112 3 2 45 5 -2.07312236899 5.82518001618
113 1 4 45 15 -3.42140003712 -3.53732807676
114 2 4 45 25 -1.32761722468 5.01722665981
115 3 4 45 35 7.41266747023 -9.48973657658
116 3 1 45 45 -0.0963342626572 -3.17298330048
117 2 2 45 55 0.176145868673 -1.00096542251
118 1 2 45 65 6.99773668832 1.44619139621
119 2 1 45 75 -2.76719612948 7.47748907137
120 3 1 45 85 1.3396369483 -8.7457631277
121 2 3 45 95 0.101935310043 2.03132172457
122 1 2 45 105 7.26636650283 0.055033350782
123 2 3 45 115 -2.23796445477 -0.500028720499
124 3 2 45 125 2.98062007766 1.29952046633
125 2 3 45 135 -8.20788701772 8.77811359789
126 2 2 45 145 1.11479741804 6.51261344253
127 2 2 45 155 -9.64311599992 -9.44109180679
128 3 2 45 165 -6.03173684535 -1.51858078904
129 3 5 45 175 -2.09037173142 -7.37355608305
130 3 3 45 185 1.22424964491 9.6452146004
131 1 1 45 195 -3.97443843304 8.99182369771
132 3 2 45 205 6.35481743843 -9.15605389376
133 3 2 45 215 -6.25038372657 -3.52370187284
134 3 4 45 225 1.5543549791 6.73516958166
135 1 1 45 235 8.07328534821 -9.21368869251
136 3 3 45 245 -9.56378718802 -5.36625047908
137 1 4 45 255 -1.0937185119 0.0425588587536
138 2 4 45 265 -6.22612792151 -4.27644714839
139 1 5 45 275 0.942933329757 -0.183637819368
140 2 2 55 5 4.12889125197 5.66844766526
141 3 3 55 15 5.82799329065 -0.569382934158
142 1 2 55 25 -8.60795455957 3.47599793084
143 2 1 55 35 -1.88623010573 2.45744882168
144 3 1 55 45 0.613421642504 -9.13044668955
145 3 5 55 55 -8.19693265131 5.74611046845
146 1 4 55 65 9.06831195702 6.85561262508
147 3 3 55 75 -9.51493398981 9.70909537008
148 3 4 55 85 -8.25472929863 -9.70428640082
149 1 1 55 95 -9.47990785429 1.30509230393
150 2 4 55 105 1.45018907019 -7.80766034255
151 2 4 55 115 -1.22930046292 -5.37642725733
152 3 4 55 125 5.1781507481 6.71014997506
153 3 2 55 135 7.96310418595 5.79230459026
154 2 3 55 145 7.7817877604 7.06602678229
155 3 3 55 155 6.53973604365 5.00156651986
156 2 1 55 165 -4.6268596579 3.27629370477
157 1 2 55 175 -7.44662789113 7.13912538874
158 3 3 55 185 -7.40460007601 2.4236255892
159 3 2 55 195 8.77487096015 9.68972191823
160 2 1 55 205 -8.47275489388 -9.20446876388
161 1 2 55 215 -1.00020695485 -6.14932898442
162 1 4 55 225 -5.31349067248 8.82479127267
163 3 1 55 235 -7.79353017393 5.32497258988
164 2 4 55 245 -1.5782934931 -9.95542241149
165 3 3 55 255 5.46085686588 4.19192701341
166 3 4 55 265 -5.69686053647 -3.78449842735
167 3 1 55 275 -6.21155535326 0.360538876537
168 1 3 65 5 -4.0937856518 5.31400414087
169 1 4 65 15 1.47499375165 -3.35725091601
170 3 3 65 25 4.12929115946 6.97210615453
171 1 4 65 35 9.6080464734 0.376747005057
172 1 4 65 45 7.77058774427 -9.42350456719
173 2 4 65 55 1.42512843487 -8.14249881615
174 2 1 65 65 -6.65297923808 4.91611825105
175 1 1 65 75 2.23176514606 8.62043823985
176 2 5 65 85 -1.18731819193 -2.22940595287
177 3 5 65 95 -7.2328527518 -4.0358886692
178 3 1 65 105 5.19613187907 -9.41423485529
179 1 5 65 115 -3.36264240084 9.72954412367
180 1 3 65 125 9.54364848419 -2.83613143741
181 1 1 65 135 7.51906791558 -2.43442584892
182 1 3 65 145 5.74202726683 9.86636745264
183 2 5 65 155 3.53409693725 -6.95582534265
184 3 1 65 165 6.9627214675 5.66324431131
185 1 5 65 175 -3.41552292749 -2.38600135268
186 3 1 65 185 -7.19916644076 3.32084198154
187 3 3 65 195 7.52046316119 -7.77588049604
188 1 2 65 205 -6.34083495347 -6.55276598953
189 1 4 65 215 1.73064536448 -4.15970651156
190 1 4 65 225 -4.8198692645 5.78674485539
191 1 1 65 235 2.11115153427 -5.21712388964
192 3 4 65 245 0.721258979269 6.7158885173
193 1 3 65 255 -6.63642882847 2.47964552945
194 2 5 65 265 1.09086520453 9.00442333575
195 3 1 65 275 -0.0487856308133 4.76961349511
196 2 4 75 5 0.709953667157 -2.24963919937
197 2 2 75 15 5.33153470495 8.94519063312
198 2 2 75 25 -2.74710932365 -0.40523613125
199 1 5 75 35 -0.810274316138 -5.61499689574
200 2 2 75 45 7.89244219233 3.34247529072
201 2 2 75 55 -2.6736972531 6.60890967424
202 1 4 75 65 -9.72393125467 4.69635083277
203 1 4 75 75 4.85440235741 6.52170518399
204 1 4 75 85 7.77744816769 3.32104930887
205 2 4 75 95 9.06577960776 1.68256223689
206 3 5 75 105 7.71909089114 -7.38756654542
207 1 5 75 115 -3.42936652229 7.3604972715
208 2 1 75 125 4.57597313186 -8.34924503876
209 2 4 75 135 -4.50596989709 9.23834234
210 3 3 75 145 7.00293337918 3.20238184269
211 3 1 75 155 -0.442946320221 9.66014747828
212 2 3 75 165 9.74647725657 -4.74557072963
213 3 5 75 175 -8.91714682226 -2.47250031105
214 2 4 75 185 1.02404481335 -0.905602195879
215 2 5 75 195 0.572190181698 4.12881017892
216 3 1 75 205 -3.0502889327 -0.977259061348
217 3 4 75 215 -3.17416261088 -9.72963183
218 2 3 75 225 -8.14948485343 0.609177201413
219 2 3 75 235 0.254815850284 9.58077592321
220 3 1 75 245 4.20805298591 1.47176655186
221 2 1 75 255 -6.62303661123 -7.93593275339
222 3 2 75 265 6.41259735455 2.35699257232
223 2 4 75 275 7.45828181085 -5.42913517001
224 1 5 85 5 -6.36492822021 -6.26507023346
225 1 5 85 15 -8.0515094324 -6.50578878313
226 3 4 85 25 -2.29370363712 -2.86874799033
227 3 3 85 35 4.98528460903 -7.74250242469
228 1 3 85 45 -5.68417299532 5.69073857847
229 3 3 85 55 -5.1898841294 -2.56159740658
230 1 3 85 65 -6.22998375649 7.56466614369
231 3 5 85 75 2.86297196275 -3.5378545421
232 2 4 85 85 6.37307109101 2.33836990537
233 1 4 85 95 3.50023462199 7.38751759873
234 2 1 85 105 9.5417836017 -6.36744423384
235 2 4 85 115 -0.671097724704 -1.97201023448
236 1 5 85 125 3.36650570021 -4.44823837555
237 3 2 85 135 -4.58820337491 -9.05536274054
238 2 2 85 145 2.17665048864 -2.82748182446
239 3 5 85 155 -9.97423158095 3.12321847767
240 3 2 85 165 8.71966110807 4.91257911517
241 2 2 85 175 0.488301370608 -4.56307239596
242 3 2 85 185 1.5226989826 5.72935679572
243 3 4 85 195 7.121237951 -6.92526006227
244 1 5 85 205 3.29947509093 -6.18599906676
245 2 4 85 215 3.98876021666 9.15731810941
246 3 2 85 225 2.95219188273 6.9341264822
247 1 1 85 235 -2.86508215533 -3.58501954676
248 3 2 85 245 -3.71590264435 3.73595166814
249 3 4 85 255 -6.61131322625 9.5101422891
250 1 2 85 265 6.64934781589 0.843874327546
251 2 3 85 275 1.33095881781 -3.44364751137
252 3 4 95 5 -0.548264585694 -7.86065093553
253 2 2 95 15 -6.28921863504 -3.93131135102
254 2 4 95 25 -7.65583267392 -1.82824164931
255 3 4 95 35 7.56192636563 7.20266276927
256 3 4 95 45 2.04591198956 -1.89366950934
257 2 1 95 55 1.40994113912 -4.0847072836
258 2 3 95 65 -9.22701194957 -3.0899775347
259 1 4 95 75 -9.11922478642 1.4801126606
260 1 2 95 85 1.063400397 4.63633920353
261 3 3 95 95 3.33206743257 8.11500004014
262 2 2 95 105 -5.04408382762 3.65411331242
263 1 1 95 115 9.4857500935 -8.34196706233
264 2 2 95 125 -2.83409288787 -1.06425663836
265 2 3 95 135 7.70038404415 4.2766793953
266 3 4 95 145 -1.31751466551 -1.80822346547
267 2 1 95 155 4.18616111028 -8.69428568965
268 3 2 95 165 8.61495542131 9.07317294617
269 3 4 95 175 -4.70603156848 -0.792189076138
270 1 2 95 185 -9.95139884649 -0.209854405279
271 2 4 95 195 -2.46093334851 -3.72323566924
272 1 4 95 205 -3.98152020244 7.37647615342
273 3 1 95 215 -9.21310908091 6.53513275401
274 2 4 95 225 9.97299104372 6.16225156773
275 2 2 95 235 -9.54923156634 -0.59066294098
276 3 2 95 245 3.68415764734 0.140414151354
277 3 1 95 255 5.19208942542 7.7961102479
278 3 5 95 265 2.6626489736 -1.73415790456
279 1 3 95 275 -7.86182397367 -5.4696165199
280 3 3 105 5 -0.526493628649 2.95187974341
281 2 2 105 15 -0.701736874449 1.72529298338
282 3 5 105 25 3.36525190501 0.318447123373
283 2 3 105 35 5.22127427731 5.67695845625
284 3 2 105 45 6.08912910132 -0.323869007643
285 2 5 105 55 -2.15270895346 6.62821661956
286 2 2 105 65 9.76898910692 -8.35613136692
287 1 1 105 75 9.04608630122 5.79135141172
288 1 1 105 85 6.39643624819 -1.83983193994
289 2 3 105 95 -7.89617618558 -3.89006005529
290 2 5 105 105 -7.29899720119 -5.23217173381
291 2 5 105 115 -6.32840561632 -3.3171487047
292 1 4 105 125 -3.28219650389 5.09831908195
293 2 4 105 135 7.86069107698 5.71077969572
294 2 2 105 145 4.45220252775 -8.98641124937
295 1 5 105 155 -9.20189045926 -8.16987047008
296 1 1 105 165 -6.52326292223 2.23990027469
297 2 3 105 175 -2.81658106067 -8.0299896293
298 3 5 105 185 6.34896024847 -0.808071972561
299 2 5 105 195 -0.52736321814 -5.40142740844
300 3 3 105 205 -3.47029647652 4.43837192275
301 1 4 105 215 -8.64599811712 -5.68116398634
302 1 3 105 225 -5.71621287526 7.48820755382
303 2 3 105 235 5.74105383632 4.19120766247
304 1 1 105 245 7.49321610782 2.49656340085
305 2 2 105 255 7.18638260804 1.94949316866
306 2 3 105 265 -2.79746137273 -0.170693607541
307 3 2 105 275 4.68385331043 -1.67421437382
308 3 1 115 5 5.57079055956 5.29568519741
309 3 5 115 15 4.18535390731 3.99741914922
310 3 5 115 25 4.85576964316 -6.01865607259
311 3 1 115 35 7.74651355052 2.70316101536
312 3 3 115 45 5.07515798159 -4.95539465267
313 3 3 115 55 1.56361505221 8.34598931557
314 3 4 115 65 1.72345058142 -0.315419378964
315 3 2 115 75 8.64667377788 -0.133589469081
316 1 3 115 85 8.80858689572 -6.29171692425
317 1 4 115 95 -5.57469416677 -9.90990451299
318 3 4 115 105 1.65250425737 -0.925948290916
319 1 2 115 115 -5.98639458623 7.41088566148
320 1 1 115 125 2.26622593118 -9.03532481776
321 3 4 115 135 -6.57798986218 9.42364039163
322 3 1 115 145 -8.30535565761 9.08869729431
323 1 2 115 155 8.96809409327 5.51557105415
324 1 5 115 165 9.73107263832 -7.31068433754
325 1 2 115 175 -9.47916638495 -7.85878632537
326 1 1 115 185 6.03837206873 9.29788065504
327 3 5 115 195 4.75268068734 -6.25193338745
328 1 1 115 205 1.28883729829 -5.46078405967
329 1 4 115 215 3.12363806324 8.21128679568
330 3 1 115 225 -6.15525899256 -5.85040487564
331 3 3 115 235 -2.07618450432 -7.33701666349
332 2 3 115 245 -4.68195652959 -0.943534036032
333 2 3 115 255 6.90135651711 8.76165285005
334 2 5 115 265 -0.315206569803 0.564696364784
335 1 2 115 275 0.669727717228 -8.19038625712
336 3 1 125 5 3.93780456831 3.12849754324
337 1 3 125 15 -8.41233851389 7.73116090706
338 3 3 125 25 8.37484639749 9.21843274292
339 2 4 125 35 -3.05142583204 -2.62079326737
340 3 5 125 45 -9.25500562106 5.41447189174
341 2 5 125 55 -1.70470132461 3.83128920884
342 2 1 125 65 -8.48294170085 9.87996912967
343 1 3 125 75 1.31210191969 -0.846747130179
344 1 2 125 85 -8.47401921122 -5.48103338887
345 3 2 125 95 -7.18410308189 5.80208810708
346 1 4 125 105 -5.46956574277 -5.5915978264
347 1 2 125 115 2.40096852277 3.4660400123
348 1 3 125 125 -4.83102368084 7.73685860652
349 3 2 125 135 0.176757807585 -4.22811713499
350 1 5 125 145 -7.79911759356 -8.26257799726
351 2 3 125 155 0.890165941211 -3.8578728239
352 2 3 125 165 -5.58444926202 4.09292762432
353 2 5 125 175 8.69815205156 0.206692112086
354 2 5 125 185 2.64461984427 -9.99032845096
355 2 1 125 195 -5.3689612543 -4.92415093837
356 2 1 125 205 -5.37690060699 -4.85602341412
357 2 1 125 215 -5.03681933525 8.11679108113
358 2 1 125 225 5.26359899406 8.42019713187
359 2 2 125 235 -0.35609390272 -1.64664028424
360 2 1 125 245 4.80719629363 -3.04864558431
361 2 1 125 255 3.00182570455 0.277503620687
362 1 3 125 265 7.87790638235 4.97140739415
363 2 3 125 275 6.76238094696 9.23531897138
364 1 5 135 5 3.0297219003 1.51481892678
365 2 4 135 15 5.41609145605 -4.94650616797
366 2 3 135 25 0.330900200371 5.60932774631
367 1 1 135 35 -2.85483701429 -6.67359292794
368 2 5 135 45 3.33202055661 2.93896042802
369 2 3 135 55 8.22137403727 8.34444022665
370 3 1 135 65 -9.76947241957 1.00821692581
371 3 4 135 75 3.25340346465 -0.225859135928
372 3 4 135 85 -1.47905821187 -2.49211813074
373 2 1 135 95 -6.41084480382 -4.37813796153
374 2 3 135 105 1.79781367543 6.47325478261
375 1 2 135 115 7.77042543489 -1.07570173686
376 2 5 135 125 -4.23004933089 -3.9168261437
377 1 5 135 135 -1.16839411282 -4.96400035145
378 2 1 135 145 -1.22954583403 3.4545320716
379 1 1 135 155 0.570337421341 -7.39370803842
380 1 1 135 165 9.72606218116 -0.647322221211
381 3 4 135 175 -1.79278365557 0.258862725048
382 3 1 135 185 -0.33197419514 -4.49568933125
383 2 1 135 195 -2.25526981943 8.64042435991
384 2 2 135 205 7.64992111599 -3.15232203278
385 2 5 135 215 9.0236640547 -1.05810405809
386 3 3 135 225 2.22903505151 8.97114851034
387 1 4 135 235 -0.677268366431 3.37443850466
388 3 2 135 245 -7.52470262235 -8.67803082141
389 1 4 135 255 4.59954521931 8.11272385529
390 2 5 135 265 5.44781994694 8.44799844762
391 3 3 135 275 -2.30404148087 6.46655757902
392 3 5 145 5 -6.8699866273 -6.1347154661
393 1 5 145 15 -3.57528071856 7.8811744059
394 3 2 145 25 -1.12657602107 5.57183328823
395 2 5 145 35 -7.26302826598 4.60299024153
396 3 2 145 45 2.42229842737 -0.921706665171
397 2 3 145 55 -4.32923287881 -1.17827880999
398 1 3 145 65 -1.62435865878 -5.69212825547
399 2 1 145 75 -3.4790788304 2.088526632
400 3 4 145 85 -1.2218180267 9.5616247105
401 3 4 145 95 0.765884068999 -8.5551113736
402 2 3 145 105 1.89735266937 1.29122700123
403 1 3 145 115 -8.33471754288 -1.12299834992
404 2 1 145 125 -2.96414282623 2.92592711617
405 1 4 145 135 -8.08221793124 -6.66653396604
406 3 5 145 145 6.31705598023 4.86916331096
407 1 4 145 155 5.71568216667 0.743002816485
408 2 3 145 165 3.5324585843 6.00427868931
409 1 5 145 175 9.74527060731 -4.15012109022
410 2 3 145 185 6.50308154631 -4.15170916092
411 1 4 145 195 0.026985267486 -3.9542108235
412 1 4 145 205 2.43011759017 -2.50181320036
413 1 5 145 215 -8.08454676194 0.272364743939
414 2 3 145 225 1.99928157454 5.15538683835
415 2 3 145 235 7.76017424561 7.56869672056
416 2 2 145 245 -9.01440187236 -9.80274613734
417 3 2 145 255 -4.25690309975 5.19635677573
418 1 4 145 265 5.25289231879 -1.66360136378
419 1 3 145 275 -5.0657722323 -6.66218205674
420 1 5 155 5 3.47241266557 -5.8125990328
421 2 2 155 15 4.26570997411 -0.357476696996
422 1 1 155 25 8.39859958514 -3.70383927763
423 2 3 155 35 4.23960062309 5.93945817275
424 3 3 155 45 -5.52472022629 5.50482375453
425 1 3 155 55 -8.33753756748 -4.71264454454
426 3 2 155 65 -4.64732680198 -2.9912455411
427 1 5 155 75 -4.56217107019 2.69794761676
428 2 2 155 85 3.48274882037 6.31177327062
429 3 5 155 95 -4.66888157571 1.50427792694
430 3 2 155 105 -7.64465638426 8.79254323859
431 3 4 155 115 -9.22231627327 -4.25758505007
432 2 5 155 125 9.25759819327 -8.4671567899
433 2 5 155 135 6.12645579686 -0.674811429189
434 2 2 155 145 7.37096663298 -3.91044582383
435 3 5 155 155 8.48116791144 8.56518115739
436 3 5 155 165 4.16215810626 -4.0093203409
437 3 2 155 175 2.17253931948 -6.01234217625
438 1 1 155 185 4.70084753624 3.5367217275
439 3 3 155 195 7.31552041341 -5.61633177881
440 2 5 155 205 -0.390577503309 9.64709901314
441 3 4 155 215 0.28374122889 4.02131818299
442 2 2 155 225 -2.03371310387 -3.98561644172
443 2 1 155 235 -9.18546497055 8.32558751705
444 3 1 155 245 -3.76687511015 -6.41157475864
445 1 1 155 255 -5.74194254051 -6.88629746152
446 1 2 155 265 4.43321917743 2.94175525653
447 2 1 155 275 0.0945163913607 -3.94743933202
448 3 3 165 5 3.31767594997 -3.12123188386
449 3 2 165 15 -8.34174706502 8.75268542482
450 2 1 165 25 8.65839171861 2.38416788145
451 3 1 165 35 -2.05503100662 2.18792576421
452 1 2 165 45 -2.09323890089 -6.55028157648
453 3 5 165 55 -6.25639366061 -7.10458245789
454 1 4 165 65 3.57533792735 -9.67858267284
455 2 2 165 75 0.424897209354 3.83384390998
456 2 1 165 85 2.81153526042 -2.98764140278
457 3 4 165 95 6.44703752991 -4.94752261206
458 1 2 165 105 7.57566168769 -6.00474733194
459 1 5 165 115 3.74166662503 -3.27887090637
460 2 4 165 125 4.07681291456 -4.4092862165
461 1 4 165 135 -9.24803674653 5.60313910776
462 3 3 165 145 9.36625750358 4.10068068729
463 3 1 165 155 -2.04543817393 -0.449974395031
464 2 5 165 165 3.78565089012 8.78123924083
465 1 2 165 175 -6.93717481896 5.21827961678
466 2 3 165 185 9.53941929804 3.08269509334
467 2 1 165 195 -1.65922332727 7.24991320749
468 3 1 165 205 3.54597765757 5.74533695444
469 3 1 165 215 -8.05181722722 3.10252130924
470 1 5 165 225 2.03689208341 2.68557919122
471 3 1 165 235 5.12007109582 -0.722944893246
472 2 2 165 245 -8.52985310826 -8.13748770789
473 1 4 165 255 7.14454442687 8.92287260435
474 1 4 165 265 9.67980653587 9.13676066309
475 3 4 165 275 -0.1508779149 -4.15272094728
476 3 3 175 5 -6.85988352094 8.85749739912
477 2 3 175 15 -3.30839110861 1.57684958377
478 3 4 175 25 9.0644164207 -8.94799913458
479 2 1 175 35 9.12763907357 -3.38244323223
480 3 2 175 45 3.73692716818 -4.58560112629
481 3 3 175 55 -9.93262288134 -2.73911149987
482 3 1 175 65 -2.16994910743 -5.74715136725
483 1 5 175 75 0.438181368489 -1.53179771185
484 2 2 175 85 -4.7192810051 -2.85131777186
485 1 1 175 95 1.17486304861 -7.06371756136
486 2 1 175 105 -2.52904881119 -8.50279349813
487 2 2 175 115 -5.93916424316 -7.77807606611
488 2 1 175 125 0.0918641809449 -0.87341905509
489 1 4 175 135 -2.8327121148 7.63025145133
490 2 1 175 145 -6.70805220394 4.15605297545
491 2 2 175 155 -0.032066427127 6.70721657451
492 1 4 175 165 7.59963385267 -8.9415697642
493 1 1 175 175 2.16651742801 9.22707068412
494 1 5 175 185 5.77440076485 -8.43245117536
495 1 5 175 195 0.173464346893 5.65239838568
496 2 3 175 205 -6.28038945963 -8.29524325581
497 2 5 175 215 -8.51670169029 -7.68703417457
498 3 5 175 225 7.2837059035 -0.134999200344
499 3 4 175 235 9.10785400836 7.96648495482
500 3 4 175 245 -0.772749735833 8.95738855765
501 2 1 175 255 -0.134700557183 -3.05418306242
502 3 1 175 265 -7.25405461904 2.30825827441
503 1 3 175 275 1.11534014034 -6.69844859511
504 1 1 185 5 8.26252954392 1.52263941333
505 1 5 185 15 4.02922397686 -4.94062817579
506 1 1 185 25 -0.117446711355 5.18604227667
507 1 1 185 35 -1.26924278076 -0.501259679771
508 1 1 185 45 3.84218448616 2.62616180288
509 1 5 185 55 -6.45148110357 3.64955975371
510 1 1 185 65 -5.15813504527 -8.59761531967
511 2 3 185 75 -6.44169560984 -1.58860357555
512 3 2 185 85 1.39567164404 1.43271572527
513 1 5 185 95 -5.4913111646 1.14542960318
514 1 2 185 105 -9.63197077112 -8.27194471003
515 2 2 185 115 -9.38639449193 5.14901662719
516 3 3 185 125 4.32102335898 -7.1710632949
517 1 1 185 135 -8.22214436416 7.4319205922
518 3 3 185 145 4.22129209939 3.43699757798
519 2 2 185 155 2.74895315651 5.80520457857
520 2 5 185 165 6.61303713575 2.9825357384
521 2 1 185 175 -3.19871343357 -1.55182506271
522 3 1 185 185 -5.74066061137 5.9331790212
523 1 1 185 195 -0.160524349073 0.047797686934
524 1 3 185 205 2.45094410139 6.4272637687
525 3 2 185 215 -7.5894314013 5.11605305842
526 3 5 185 225 9.87524297843 7.32764044697
527 1 5 185 235 -7.32807291652 7.47797770314
528 3 5 185 245 9.96599550716 6.51027048554
529 1 5 185 255 -8.58859057703 -0.635807986901
530 3 1 185 265 7.71411830892 6.60176659872
531 3 1 185 275 -7.85457580747 1.67195977178
532 3 2 195 5 0.650999330025 -6.82869902825
533 3 2 195 15 4.31138830376 9.1526722548
534 3 1 195 25 -9.86594923669 -5.79124949891
535 1 3 195 35 -8.77833983446 4.98778814058
536 2 3 195 45 4.53917655867 -4.11901048415
537 2 3 195 55 -2.18524050347 4.77208773448
538 1 3 195 65 1.14102460995 -9.94376474754
539 1 5 195 75 -2.72290118287 -8.40201138878
540 2 1 195 85 -9.74821206729 3.05850379615
541 3 1 195 95 6.50744268183 -7.37318181671
542 2 1 195 105 4.31885289239 4.04456593406
543 1 1 195 115 -3.93179359654 6.12260935484
544 3 4 195 125 -6.10911193794 -9.83980092027
545 3 3 195 135 -9.60721403148 0.0873296965888
546 3 4 195 145 -6.90500950451 -2.78880342727
547 3 1 195 155 -2.21180014713 3.02915483059
548 2 4 195 165 -7.94282170527 1.80782631859
549 2 5 195 175 9.73523411691 2.20046424014
550 2 1 195 185 9.05843884498 -0.155542224563
551 1 2 195 195 6.70040594125 -6.12764083432
552 2 2 195 205 -8.18714375653 -2.90882224118
553 1 5 195 215 -1.37789461007 1.96177606606
554 3 1 195 225 7.85037931761 9.8560078455
555 3 5 195 235 9.77957674052 1.44882439742
556 1 5 195 245 -6.27400866671 9.47763734769
557 1 1 195 255 2.57926349427 5.20212158234
558 3 2 195 265 -1.36433538902 -1.63322185311
559 1 3 195 275 -9.46004990425 0.887745339888
560 3 4 205 5 8.67923254281 9.31869150618
561 3 4 205 15 -9.45248836027 4.44681464375
562 1 5 205 25 4.49231347637 -6.45961558756
563 2 5 205 35 1.91045223809 -3.1284762538
564 2 2 205 45 5.92444695802 -7.93895736167
565 2 3 205 55 -4.25693211715 -4.69307116329
566 2 5 205 65 9.41218312739 8.069166577
567 2 1 205 75 9.06184936557 8.21818042881
568 1 2 205 85 4.22595772108 5.11315928561
569 1 3 205 95 1.58796133396 -3.47742459145
570 1 4 205 105 8.05430896308 0.417134486174
571 1 2 205 115 -9.9075326641 -0.808825393553
572 1 5 205 125 9.19114919235 5.01118027716
573 3 4 205 135 -1.4153727252 6.56437691031
574 1 2 205 145 6.24705799937 -2.80823847903
575 2 1 205 155 -9.22433524088 5.81815275725
576 1 2 205 165 1.44865616013 -5.46750892674
577 2 1 205 175 -7.46485119856 -8.83586902637
578 2 4 205 185 3.34972373546 -1.22093148815
579 3 3 205 195 -5.0438850119 5.91136717419
580 3 3 205 205 1.25773105806 -4.67012052506
581 3 4 205 215 -5.35247794729 9.10418087122
582 3 3 205 225 8.42872663226 4.61648072013
583 1 2 205 235 2.71782602051 6.83788061902
584 3 5 205 245 5.27545847944 0.00720253724444
585 2 3 205 255 -6.11803601111 -6.20001181097
586 3 4 205 265 -8.10827271484 -0.266234080964
587 1 3 205 275 0.865494168592 0.330482816063
588 1 5 215 5 4.91068002924 -3.00917628598
589 3 3 215 15 4.45434411658 -1.6975928758
590 1 1 215 25 -8.96680712003 -4.19292613188
591 1 3 215 35 -2.74463219566 -6.12004726495
592 1 2 215 45 8.22989588774 6.07286368829
593 1 1 215 55 2.34359874894 0.367290529743
594 3 4 215 65 -7.87665811666 -6.7391010934
595 1 3 215 75 -9.42953906719 2.69661808876
596 3 3 215 85 -5.66386519291 -3.79554808483
597 1 3 215 95 -8.58424151051 2.56168709747
598 1 2 215 105 -4.54522690939 -2.10790646291
599 1 5 215 115 -0.476454683293 8.2611865659
600 2 3 215 125 -6.50266264768 -3.47103178393
601 3 4 215 135 4.33264266189 2.5758492974
602 1 2 215 145 -0.651184479 6.27268523514
603 1 4 215 155 3.24662049171 1.10915337179
604 3 5 215 165 -0.501926835721 7.18755298149
605 2 1 215 175 -0.678253868099 -8.22254896773
606 3 4 215 185 7.90859937009 -1.04066867924
607 3 4 215 195 0.514509173938 2.52414216468
608 2 5 215 205 -8.90657146038 5.5260738285
609 3 1 215 215 -8.99644410493 4.94474119162
610 2 5 215 225 -6.61469226445 -1.76949454457
611 1 4 215 235 -6.71373411867 -3.74271552676
612 2 2 215 245 -8.67150275734 -8.14754973596
613 3 1 215 255 1.9400519349 3.82898008148
614 2 4 215 265 -7.37112708758 6.59107773516
615 1 1 215 275 8.30613734308 7.18512914509
616 1 5 225 5 6.63195691212 -1.37202147681
617 3 4 225 15 0.817084589933 4.90843166969
618 1 5 225 25 -6.21584478309 -6.51912350786
619 3 1 225 35 1.77535918321 -7.60991625013
620 3 1 225 45 0.691263816773 4.05620798205
621 1 2 225 55 -7.51721144503 -6.14411669655
622 1 5 225 65 7.71425459148 -2.86069119967
623 3 2 225 75 3.59938795605 -7.67622468617
624 3 2 225 85 -6.06156181315 -9.62086798416
625 2 4 225 95 2.63130783974 -4.86061697009
626 2 2 225 105 -5.84710463607 5.92827378138
627 3 5 225 115 5.87717122105 -3.45438941381
628 2 4 225 125 4.66523306523 -1.22500709978
629 1 5 225 135 -0.644573726612 7.37245396539
630 3 1 225 145 -4.48424962288 7.91842634882
631 3 1 225 155 -5.66652134986 2.39076783102
632 3 4 225 165 3.29496081181 5.32220801003
633 2 5 225 175 0.00723842414547 1.56198712627
634 3 2 225 185 -6.78640470689 1.96912828894
635 3 5 225 195 -6.25608415076 7.93474424001
636 3 3 225 205 -2.44282084147 -7.27788063027
637 1 5 225 215 9.14721983196 -5.82109987097
638 3 4 225 225 -9.79848527743 6.49158230364
639 3 1 225 235 5.36787776627 -7.7385041369
640 2 2 225 245 -9.79055031088 7.95797943594
641 2 2 225 255 -7.94234991403 9.8290553556
642 2 1 225 265 2.45740251323 -3.49266386401
643 2 3 225 275 0.186081574493 -6.16895241745
644 2 2 235 5 9.21066768266 -7.17123022935
645 3 5 235 15 4.24609177563 4.4955102322
646 1 4 235 25 -2.33163071465 0.359913671605
647 1 1 235 35 -7.36884425092 -0.71224901658
648 1 4 235 45 -0.825390884665 0.762473046408
649 1 3 235 55 3.5450831222 -1.1264675954
650 1 2 235 65 -9.33158098877 -8.24450988978
651 1 2 235 75 -6.32183069758 4.77137828823
652 3 2 235 85 1.31958187522 1.21082588309
653 1 2 235 95 3.70371511611 2.55929550344
654 1 1 235 105 2.52521010494 -8.25565766703
655 3 4 235 115 0.388269826265 6.2465329338
656 3 1 235 125 6.99447504281 9.4270773453
657 2 4 235 135 2.96691540906 -8.92278705605
658 2 4 235 145 -9.7021114133 5.512659467
659 2 5 235 155 8.82376126981 2.6378114747
660 1 1 235 165 2.40207835046 4.59140289777
661 1 3 235 175 6.48082449258 3.45673567985
662 3 1 235 185 -3.87169144777 1.09422077919
663 3 5 235 195 3.24235807809 2.22986056137
664 2 3 235 205 -7.50732565176 7.95333640909
665 2 3 235 215 7.46604301695 5.1267326735
666 1 2 235 225 -9.70794247216 -6.27680072193
667 1 1 235 235 4.76036121101 9.15075393699
668 2 3 235 245 -1.01640545571 5.00858256637
669 2 3 235 255 0.426216540445 8.74754327085
670 2 2 235 265 9.05398376939 -4.30105568702
671 3 4 235 275 -1.95571621068 -0.641114473795
672 3 1 245 5 -1.18553474458 -3.25312725928
673 3 5 245 15 -1.96928507723 6.63836898689
674 1 4 245 25 5.89307979401 -5.96048933099
675 2 3 245 35 -6.77355896245 -4.03828558505
676 2 3 245 45 8.76835696924 9.3629592928
677 2 2 245 55 -9.86398839465 5.10207306694
678 3 3 245 65 8.33142824815 -5.23797889079
679 1 1 245 75 5.04753783262 -2.33384523079
680 1 1 245 85 9.91867254045 1.28706405057
681 2 2 245 95 9.97441995696 -9.49447780381
682 1 1 245 105 2.63071639042 -0.848328068846
683 1 3 245 115 7.25882228953 9.33487351773
684 2 5 245 125 -2.25576156051 7.81472071045
685 1 2 245 135 0.489006986111 6.70375498248
686 3 4 245 145 5.88659949425 8.56503672998
687 1 1 245 155 6.26562115558 1.27338715973
688 1 1 245 165 6.81158698297 -6.0572782171
689 3 2 245 175 1.37849190594 -0.808878825223
690 2 2 245 185 -8.47604280443 5.13871353077
691 2 1 245 195 -8.0035420415 0.575474723637
692 1 1 245 205 -2.55688791719 3.34438607783
693 2 3 245 215 -6.65273853012 7.79567368371
694 2 4 245 225 4.98169024257 1.73572131995
695 2 3 245 235 -1.73691468569 -0.579258076905
696 2 1 245 245 -7.40382869402 0.12696448492
697 2 2 245 255 2.99256160117 -5.24032851585
698 1 1 245 265 -5.50958875271 -1.36495497968
699 1 4 245 275 -8.59899141013 4.62144983299
700 3 4 255 5 -2.91069650166 -7.03097066309
701 2 4 255 15 -8.53621597156 7.02090000644
702 2 2 255 25 -7.74911625457 7.20846171839
703 2 1 255 35 -5.6537478423 9.77766048484
704 1 1 255 45 5.68041226921 8.4932999749
705 3 5 255 55 -8.41099062904 -5.81494833172
706 3 2 255 65 9.11512864123 -0.0673578146132
707 3 5 255 75 -9.82084616118 -6.16306498889
708 1 5 255 85 3.67136869706 -3.33015697085
709 2 4 255 95 -5.35544225826 -2.9797868046
710 2 1 255 105 -1.18348670688 -6.1075194092
711 1 4 255 115 7.01333200796 -6.07870728213
712 2 4 255 125 -7.59732356391 -4.69189317347
713 3 2 255 135 -6.24144804486 -9.35319331944
714 2 5 255 145 0.190036246222 2.43255547454
715 2 3 255 155 2.18310511209 -8.3916453771
716 1 1 255 165 7.74112192503 -8.66928518482
717 1 2 255 175 4.3384003621 -4.53089546867
718 1 2 255 185 5.3473702996 9.87315781082
719 2 4 255 195 -4.20873735935 -0.209129231751
720 3 3 255 205 -8.54780876713 2.7518636099
721 1 2 255 215 -9.51968807964 0.66274377847
722 3 2 255 225 0.847423019785 -5.35432671582
723 1 2 255 235 9.51083154553 -4.87833070269
724 2 3 255 245 4.31641408632 -6.5488405215
725 3 5 255 255 2.04148057087 -7.57743003286
726 2 5 255 265 2.27502141276 8.57720785164
727 1 1 255 275 -2.92756990063 -1.59699109417
728 1 1 265 5 7.53979342058 5.02043275044
729 3 5 265 15 -6.53878824396 -2.00744811907
730 2 3 265 25 -0.873026546057 3.5234521208
731 1 2 265 35 6.55044124807 1.17138089774
732 2 3 265 45 7.60769296484 6.91249627346
733 1 3 265 55 -0.164855656993 9.6180225242
734 3 2 265 65 -3.13687872635 8.60671510793
735 3 5 265 75 0.97443859871 -1.76620970541
736 1 5 265 85 -0.176597490266 3.05276444773
737 1 5 265 95 5.16673473304 7.21556971663
738 1 5 265 105 1.64148904943 4.2255002526
739 2 4 265 115 -4.2779872929 8.58406648128
740 1 4 265 125 7.22877166771 2.07906204679
741 3 1 265 135 4.77581352498 0.550658934182
742 3 1 265 145 1.62832923428 -5.95362733423
743 2 1 265 155 7.57707327502 3.42232576424
744 1 2 265 165 -9.60796150595 8.31652150266
745 2 1 265 175 -5.89560444865 -4.97575466549
746 1 3 265 185 -4.51795698095 7.70696116198
747 3 5 265 195 -8.91194618854 5.01257584902
748 1 2 265 205 -5.97115737122 -7.42900256291
749 2 4 265 215 -9.95326898694 9.52393306153
750 3 5 265 225 -2.87971823036 6.50033435909
751 3 2 265 235 6.72319381006 -5.88470092099
752 3 1 265 245 0.312692399196 8.07253248333
753 2 4 265 255 9.69119011315 1.39267293647
754 1 1 265 265 -2.74550017553 -1.82412602051
755 2 3 265 275 5.40288242021 5.56561244478
756 1 3 275 5 -3.53022812268 -7.9647225681
757 3 3 275 15 -1.14430736771 -8.62882030669
758 3 3 275 25 9.69478369894 -9.95100773429
759 3 3 275 35 -4.2155319186 -9.43657681294
760 2 3 275 45 -2.62373925543 -7.61497339893
761 3 5 275 55 4.14485105254 1.47806916793
762 1 3 275 65 8.11570980802 1.98893185127
763 2 5 275 75 8.10843731825 -4.45085209214
764 3 5 275 85 -9.23739654026 -7.99218031564
765 1 4 275 95 -1.96133570862 -1.94565233324
766 2 5 275 105 7.2787060931 -3.39683129872
767 2 4 275 115 -5.33803778634 3.59775534321
768 3 4 275 125 5.36923813338 -2.44779308237
769 1 2 275 135 -1.11835010395 -0.33553426426
770 2 4 275 145 2.92929470207 -1.11764077619
771 3 5 275 155 0.892629840729 -9.49305608067
772 3 1 275 165 -3.59989520734 -8.31550125269
773 3 2 275 175 -2.11072174704 4.31607727538
774 3 3 275 185 -2.49407701728 -2.76488815486
775 1 4 275 195 -0.44736411089 1.8488196936
776 1 3 275 205 1.90805518636 6.09833464325
777 3 2 275 215 4.93972094775 -3.82290746289
778 3 5 275 225 0.068964510769 -8.83643709467
779 1 5 275 235 6.16072466786 -1.20160842447
780 3 3 275 245 -9.4513978396 -2.96729158346
781 3 2 275 255 7.66282931605 1.60662820145
782 2 5 275 265 -1.79392843103 3.96752368132
783 1 3 275 275 -7.29695173639 -7.55521701186
