350 350 1225
0.001 1 1
0 1 1 5 5 -8.71765055902 -9.72128754599
1 3 2 5 15 9.22901242347 -7.45197092603
2 1 3 5 25 1.18502659182 -4.73677045689
3 3 4 5 35 1.65486014087 -9.88951195086
4 1 4 5 45 7.04628655994 0.621779386437
5 3 1 5 55 0.982394127227 0.431312340744
6 3 3 5 65 -8.2310078172 6.75940634117
7 2 2 5 75 2.25229077418 0.522947392885
8 2 1 5 85 1.81982359526 9.5342306203
9 3 5 5 95 4.03725582133 -5.6639200557
10 3 1 5 105 9.11356848564 -2.6694450095
11 1 4 5 115 -5.03658032203 -2.79371612632
12 1 4 5 125 4.39137410814 8.22172299551
13 3 2 5 135 -9.3121473884 -0.552573489665
14 1 4 5 145 8.01138640447 -1.25075011677
15 2 5 5 155 9.36308098249 3.67176997985
16 2 4 5 165 -6.1913415665 -7.68373295952
17 3 2 5 175 -6.67927249539 1.40801925919
18 1 4 5 185 9.31953502962 -7.85402532046
19 2 4 5 195 -2.57374186234 4.31161748346
20 1 1 5 205 4.27833470638 -0.741491690023
21 1 4 5 215 7.45497266599 -4.24647674264
22 3 4 5 225 9.30443747133 -0.0905527273339
23 1 3 5 235 -0.06026486826 -9.37504349579
24 2 2 5 245 -1.28006793492 9.01014517486
25 1 2 5 255 -0.0214611387102 0.744503756727
26 2 3 5 265 -4.0488265931 5.80957924778
27 2 3 5 275 4.20613092619 -7.03377506952
28 2 2 5 285 2.89306842291 1.00278368352
29 1 1 5 295 -2.24973351994 6.14027925805
30 1 1 5 305 2.55167540604 3.30711626883
31 1 2 5 315 -3.19488791002 -1.30291201307
32 1 3 5 325 -7.3603088627 -8.52455358748
33 2 4 5 335 2.26452650168 -8.54004058665
34 3 5 5 345 5.88826159961 7.78911577649
35 1 4 15 5 9.82962748727 5.20086496294
36 3 3 15 15 8.92350919774 -9.12780437961
37 3 1 15 25 5.8091200182 -3.71075088213
38 1 1 15 35 7.96916223226 1.40616227143
39 3 2 15 45 6.21527029192 -9.62558324625
40 2 5 15 55 4.61055620844 0.235589621523
41 1 1 15 65 -9.74695572774 8.27333167267
42 2 3 15 75 -4.99929987543 8.18444250255
43 3 5 15 85 -3.27126342967 -4.65115337449
44 1 4 15 95 9.07098475892 -8.66558090147
45 2 4 15 105 9.41898186839 -2.05634041948
46 1 4 15 115 7.60094705678 4.71496489477
47 2 5 15 125 -7.88474857069 6.18010410796
48 1 5 15 135 7.43286878914 5.86102701203
49 3 3 15 145 -1.88532941755 3.02234040833
50 2 3 15 155 -9.49284011109 9.91980105057
51 2 5 15 165 -6.51592681595 2.74472479866
52 1 3 15 175 0.571740656317 3.17698764129
53 1 4 15 185 9.89300712226 -9.37867354528
54 2 1 15 195 -0.855271579309 3.24026838348
55 2 5 15 205 -8.11497821232 4.32238410539
56 2 5 15 215 7.92297175462 -2.83499393733
57 3 3 15 225 7.84755511325 -8.20577508363
58 2 1 15 235 3.57032293231 -9.01840785017
59 3 2 15 245 1.76577947756 -0.736578075787
60 2 2 15 255 4.32167423819 -0.797843036755
61 1 1 15 265 1.11157835148 4.15932339394
62 3 5 15 275 1.80739103765 4.52857736584
63 2 3 15 285 0.0626610716247 -2.27207906488
64 3 5 15 295 4.31134453263 -3.49363309522
65 2 2 15 305 -8.563041713 -3.40861410838
66 1 5 15 315 1.34909001532 -2.44814558045
67 1 4 15 325 -5.8528916516 -0.146904620899
68 3 4 15 335 3.69696162995 -6.2075818478
69 3 1 15 345 -5.97991841599 4.16602351711
70 3 2 25 5 -5.24451321194 -6.03708053306
71 3 1 25 15 -1.84168963704 -1.05629705188
72 1 5 25 25 -3.65549402308 3.7835439213
73 1 5 25 35 -4.34084057334 3.09545296518
74 3 1 25 45 -8.67727237902 3.13886695852
75 3 3 25 55 6.29481291848 -3.80330510237
76 1 4 25 65 -0.112270667868 -8.30493913007
77 1 1 25 75 6.40230189774 5.30782737345
78 2 1 25 85 -6.0996322895 -8.33961230778
79 2 2 25 95 7.0826992856 -3.91949782186
80 3 3 25 105 -9.668987215 2.35016314424
81 2 3 25 115 1.00076687807 8.53183879106
82 3 2 25 125 -2.88357503609 3.86477311833
83 2 3 25 135 -9.6318931274 6.614798357
84 2 3 25 145 0.444762719837 8.51608367667
85 1 5 25 155 5.82710032127 -1.66844427579
86 3 3 25 165 5.92615800094 5.85308516622
87 2 1 25 175 8.30720513572 -5.45242873942
88 3 2 25 185 3.2909241819 1.29772711219
89 2 1 25 195 6.56611435678 1.44036234452
90 3 4 25 205 -3.44818736564 1.00088560324
91 3 4 25 215 -5.9061921304 -4.61570697205
92 2 3 25 225 -5.7017960395 0.97197586049
93 1 2 25 235 -3.67298025517 -5.00967084481
94 3 5 25 245 6.89845160003 -0.394415145171
95 3 2 25 255 -2.77880435116 -0.78138712556
96 1 2 25 265 -8.28246842098 6.46661136271
97 3 5 25 275 0.837321903192 -3.31201672502
98 2 5 25 285 2.57932329984 8.50435511147
99 2 2 25 295 -1.55484764296 2.30463384147
100 3 5 25 305 -9.02316797458 5.93135251377
101 1 3 25 315 -5.95650570891 -4.27638811098
102 3 4 25 325 8.75581670794 5.54991703755
103 2 2 25 335 -2.93304284337 0.22246864481
104 1 1 25 345 -9.71224909099 -1.41364808944
105 3 1 35 5 -7.87387950015 0.552571792063
106 2 2 35 15 2.30670560223 -8.25346675205
107 1 3 35 25 8.66345143611 6.53836003001
108 2 5 35 35 -0.922232129861 -2.11540288866
109 1 5 35 45 -6.93645533779 -0.375537321227
110 3 3 35 55 4.7133878288 6.29161249574
111 3 2 35 65 9.25483480201 7.04128625792
112 1 3 35 75 7.78845910899 7.91323794969
113 1 5 35 85 -2.24454008774 -1.83019790856
114 1 3 35 95 -2.84331032971 1.86359914409
115 2 1 35 105 -2.15181558192 -9.80026323469
116 2 3 35 115 0.188578537371 8.90969066191
117 3 5 35 125 -5.74790982486 -7.95299151423
118 2 2 35 135 8.46307403867 8.40257769775
119 3 1 35 145 -3.02901457675 2.20256438553
120 1 5 35 155 0.852529101177 -9.60514450114
121 2 3 35 165 4.07149819849 1.59828469141
122 2 2 35 175 -9.04002860702 0.39804311459
123 1 3 35 185 -5.16441553143 0.801814811537
124 1 5 35 195 5.11585589584 0.430042530381
125 3 1 35 205 3.15105938753 -1.39095116673
126 2 1 35 215 -4.13094970831 8.52147996053
127 1 1 35 225 4.8086918269 -6.86695288582
128 1 4 35 235 -4.4049263271 -1.5164428936
129 3 2 35 245 1.83751324391 -0.225957160678
130 2 3 35 255 -4.64981767776 -8.30399230111
131 2 1 35 265 1.15460896597 0.902681721842
132 3 5 35 275 -3.7295494741 -5.53878268343
133 2 1 35 285 -9.6303606734 -9.56352118483
134 3 5 35 295 2.98429402461 -4.2346422255
135 3 4 35 305 -6.24799402074 -3.03229564982
136 3 2 35 315 3.94879497939 -8.68814908374
137 3 2 35 325 3.90352369559 -7.76858778071
138 2 1 35 335 0.689608011351 5.42594353333
139 3 2 35 345 -2.05837122393 8.84394844502
140 1 4 45 5 -1.94343593261 -3.18259305375
141 1 2 45 15 1.869341165 -4.24866998506
142 1 1 45 25 -7.29370655523 -9.02928097461
143 2 3 45 35 6.41310985186 -2.62600670731
144 2 4 45 45 1.73842669747 -6.87054544344
145 2 4 45 55 4.02664686293 -4.24805112393
146 2 1 45 65 -2.60949764206 -7.62653464923
147 2 3 45 75 -2.14033307268 8.44869135559
148 1 1 45 85 -3.16351889069 3.27757558808
149 1 1 45 95 -8.9399681781 -1.5911376536
150 3 2 45 105 4.37732488229 5.865429846
151 3 4 45 115 2.7213436325 -4.90493797537
152 3 3 45 125 3.75568336743 -1.25452411283
153 1 3 45 135 -1.68967568826 6.5316617407
154 3 1 45 145 4.75363578979 3.46019257737
155 1 4 45 155 -8.9753008986 0.490902407207
156 3 5 45 165 -3.7453495083 -5.86079014265
157 3 2 45 175 -1.85845929046 -6.96523460875
158 2 3 45 185 9.78713859503 -4.55307499379
159 3 1 45 195 -6.31161795968 -5.62269563979
160 1 3 45 205 2.03411266612 3.31331394032
161 2 2 45 215 0.183613236205 8.89448896395
162 3 5 45 225 -5.86226392197 6.31165628643
163 1 2 45 235 1.85068130914 -1.90348286231
164 2 4 45 245 -6.65132253465 8.29011757631
165 2 2 45 255 -1.31654893844 1.44741830657
166 1 4 45 265 0.558130256753 -2.42176920875
167 3 3 45 275 1.71041129322 -8.33191838186
168 2 4 45 285 -4.52142812821 6.86542124918
169 1 3 45 295 7.09018644272 5.75604648441
170 3 5 45 305 1.49043291765 0.636208568151
171 3 5 45 315 1.44936447488 -3.61188440309
172 3 2 45 325 -9.22268656151 -7.8204896847
173 1 4 45 335 -6.21884123266 -8.3470737541
174 1 3 45 345 -6.61236948615 -1.86642195133
175 1 4 55 5 6.11017820984 -5.00652208657
176 1 1 55 15 3.87275831315 9.90847773019
177 2 2 55 25 -1.81705807088 1.61920234706
178 1 5 55 35 5.11764695044 -2.55443672152
179 1 5 55 45 -3.30253136254 -1.22333782912
180 1 2 55 55 6.41744976068 8.28999258993
181 1 3 55 65 8.46239148625 5.50648953266
182 1 5 55 75 -1.19642762316 -9.36087320351
183 1 3 55 85 5.2710950712 8.6376022375
184 1 4 55 95 -0.69070073311 -7.58050950283
185 1 3 55 105 8.53114473267 -0.598028797287
186 1 1 55 115 -2.50490861963 8.66333578148
187 1 5 55 125 -4.34599346144 -2.07283060104
188 1 1 55 135 -1.1448026706 -9.67406875584
189 2 5 55 145 -0.304593285841 5.10830877366
190 2 4 55 155 7.16672863638 -8.63554094919
191 1 4 55 165 4.98125121457 7.86550219375
192 3 2 55 175 7.82920609794 -0.744989285235
193 1 2 55 185 -4.34913562438 -1.31309243882
194 2 3 55 195 -0.665969029558 1.28468988741
195 2 4 55 205 -5.12658990353 5.79442714307
196 1 4 55 215 5.14362718179 3.11280627265
197 1 4 55 225 -3.50013008837 -0.678464423686
198 3 3 55 235 -7.70452052596 3.88919073051
199 1 4 55 245 -9.98395368101 4.13677324349
200 2 3 55 255 1.13361167123 -7.09991605076
201 1 3 55 265 9.28773457258 9.92621034417
202 2 1 55 275 -4.68944959463 -4.64892558511
203 3 5 55 285 -1.7462448088 -1.99867814927
204 1 2 55 295 6.38264204146 0.538376678469
205 2 5 55 305 6.3526979239 2.79232265983
206 1 4 55 315 -5.74901044339 -9.70092047472
207 3 1 55 325 2.07318309689 -8.35160865371
208 1 5 55 335 4.57645201091 8.43080511294
209 1 1 55 345 9.83915251348 7.28010547278
210 2 5 65 5 2.66793552844 -9.3863037433
211 2 2 65 15 -1.62464592652 -5.06834572121
212 2 3 65 25 5.51224722292 2.47604600708
213 1 3 65 35 4.93437138563 4.91453365031
214 1 5 65 45 -8.43772549811 9.04153151398
215 2 2 65 55 -6.2600738076 0.78549064119
216 2 4 65 65 3.89701986026 7.70067533154
217 3 4 65 75 5.14855529204 1.90944706559
218 2 5 65 85 7.4303208317 6.48043687026
219 3 3 65 95 8.34339457534 1.78385130938
220 2 4 65 105 -1.54701310018 9.83907215847
221 2 3 65 115 4.68428960118 -1.6088808088
222 3 5 65 125 -9.80853305917 8.3761820377
223 2 4 65 135 4.9549123296 -8.37139234055
224 3 3 65 145 -6.24776093282 9.62060517605
225 1 4 65 155 7.7136530856 7.80923392444
226 3 4 65 165 -6.76874772154 8.82309599899
227 1 4 65 175 7.81650216139 1.1704124028
228 1 2 65 185 -1.08615393949 0.681450771815
229 1 2 65 195 -9.38237005808 1.39593732172
230 2 1 65 205 2.64324405452 -7.29492038886
231 1 4 65 215 -1.80907247039 -9.67468304735
232 1 2 65 225 -5.19328718432 3.71208627431
233 3 3 65 235 -3.48327097377 1.71846840799
234 1 3 65 245 6.99567774763 -5.16930898194
235 2 3 65 255 2.62492016716 9.02311074256
236 3 2 65 265 -3.81742672328 5.41123394247
237 3 2 65 275 1.45176831666 7.29359773148
238 3 4 65 285 -8.16992910858 -7.78151259318
239 2 4 65 295 6.43536780541 -5.59979845199
240 1 3 65 305 3.1182870365 8.42804256318
241 1 2 65 315 3.79751147265 5.69968142991
242 3 2 65 325 -1.910732682 3.0342816623
243 1 5 65 335 9.54822138334 -1.03806037048
244 2 1 65 345 -1.56105559067 7.60474882572
245 2 5 75 5 -1.82640910453 5.68340751063
246 2 1 75 15 -7.21550881931 -4.95255653515
247 3 4 75 25 1.77687422224 7.77472834467
248 1 2 75 35 4.32968591445 -7.87085315685
249 2 5 75 45 5.08115445132 7.15795940474
250 2 3 75 55 7.08253837484 -0.184288272816
251 2 3 75 65 -7.53000565247 -4.92289757163
252 3 4 75 75 3.15433448191 1.46319015835
253 2 1 75 85 -9.97476880991 -2.89408396825
254 3 1 75 95 4.75112318968 9.9583741064
255 2 2 75 105 6.64436220464 1.85710814804
256 3 1 75 115 5.6446287801 -0.936038773197
257 2 1 75 125 0.513107397011 -8.89841555116
258 2 4 75 135 2.93590127404 -2.33072154512
259 1 1 75 145 6.95751371002 -7.44366596491
260 1 2 75 155 -9.98266317683 -6.80520068525
261 2 4 75 165 9.57544051129 0.00560394850334
262 2 4 75 175 4.14947477756 -6.44514060785
263 2 5 75 185 9.95247004383 8.54989656232
264 3 1 75 195 -6.12268283372 1.08271317999
265 1 4 75 205 0.0622865846397 -4.07510025125
266 1 3 75 215 -6.03522737135 -1.18501473955
267 1 4 75 225 -7.27744206412 2.83173760566
268 3 2 75 235 -8.71685401174 5.4574263982
269 3 1 75 245 6.19205696308 -5.41083325409
270 2 5 75 255 6.47423306049 -9.93337750939
271 1 4 75 265 0.415961176311 3.61899934019
272 2 1 75 275 4.53977486959 8.22084688198
273 2 4 75 285 -3.88448612018 8.6694866718
274 1 2 75 295 7.84172169176 -6.27651079745
275 2 2 75 305 -1.35592041045 9.95631840287
276 1 2 75 315 -0.124962962864 -6.75652257312
277 2 4 75 325 1.95175055632 0.414025863014
278 3 3 75 335 8.42114498828 -7.37756854273
279 1 1 75 345 -0.28419768041 4.29638081944
280 3 1 85 5 9.25374399164 -9.01389751694
281 1 1 85 15 0.275125339865 -5.26487608289
282 2 3 85 25 7.50323834351 -1.66801187834
283 1 1 85 35 -7.28883679853 -9.55389655241
284 1 3 85 45 5.12216398291 9.36175827708
285 3 4 85 55 5.40773779972 -2.70878311447
286 1 1 85 65 4.00119933562 7.39563046913
287 3 1 85 75 -0.642804736364 -0.0683332932692
288 2 3 85 85 0.556242885052 -8.95568110382
289 2 1 85 95 5.06669069177 1.77310407312
290 2 2 85 105 5.30117036293 3.76900456864
291 1 3 85 115 4.99660704889 -2.12899360374
292 1 1 85 125 9.93259096206 -3.53372625034
293 3 3 85 135 3.26824842726 -6.18613290627
294 3 3 85 145 -9.03543185053 -9.5693883828
295 2 4 85 155 -6.57710504287 -3.70922053298
296 1 3 85 165 -3.5830522062 -7.88171912933
297 3 3 85 175 3.83421978132 7.97762941738
298 3 4 85 185 2.66998464721 -9.34043826238
299 2 4 85 195 -4.45553880029 5.55684912447
300 3 1 85 205 5.04124886509 -7.35070005799
301 3 5 85 215 -1.10454174557 9.6262808967
302 2 3 85 225 -6.21036936894 -6.84924918039
303 2 4 85 235 -2.21496170439 0.644177605227
304 1 4 85 245 9.55446451127 6.78876741983
305 3 2 85 255 4.18295764002 8.9059542766
306 3 2 85 265 -2.77659804597 3.61406635397
307 3 4 85 275 1.78288118139 -1.23249401954
308 3 1 85 285 3.73947780624 -1.45627523299
309 3 2 85 295 4.58492731904 -5.29108534702
310 3 3 85 305 -1.12475716275 7.7613805992
311 1 4 85 315 1.49428078215 -8.35268975392
312 1 2 85 325 5.49768885085 -2.69835625679
313 3 3 85 335 9.52267754943 -7.00364058601
314 3 1 85 345 -7.36155795264 0.332839361119
315 1 2 95 5 -0.735978548773 -5.84974306799
316 1 2 95 15 4.56029150683 -7.74182997499
317 1 4 95 25 8.41601331175 -9.46628100749
318 3 5 95 35 -5.20030118288 8.91606922213
319 2 1 95 45 7.59096636117 -8.42426277716
320 3 2 95 55 9.18816343502 -7.18724525314
321 1 1 95 65 2.39126134714 -8.92069921614
322 1 3 95 75 -2.08382508655 6.02852574212
323 1 2 95 85 -5.36132226801 5.51722813029
324 1 1 95 95 6.06475061375 -2.62165547661
325 2 4 95 105 -7.54729717634 7.69091603255
326 3 3 95 115 -8.26090630784 5.48036893442
327 1 1 95 125 -5.11475939181 5.21651769055
328 3 4 95 135 4.08266905941 -2.652749997
329 2 1 95 145 -4.23990770208 2.76492513215
330 1 5 95 155 8.73449153713 4.99114075447
331 2 4 95 165 7.80515508591 -8.69424055741
332 3 5 95 175 -5.31921576077 9.55306460529
333 3 3 95 185 6.09572508469 -6.61474393014
334 1 5 95 195 2.77667813841 -5.58565365705
335 2 1 95 205 1.68419815242 -5.56262490438
336 1 4 95 215 -3.81084064773 6.84798158957
337 2 5 95 225 -7.5621112963 -7.50554220956
338 3 1 95 235 7.08747832885 -2.9948270434
339 1 2 95 245 3.60985744403 0.692356192074
340 1 1 95 255 2.72277383851 -2.93211283007
341 2 3 95 265 -1.53429542261 -1.94849639342
342 2 2 95 275 3.62395269807 0.816699283249
343 3 1 95 285 6.1883940399 -4.10329936908
344 1 1 95 295 4.5058942397 -3.32664261344
345 3 4 95 305 -2.34293984534 3.50084722636
346 3 3 95 315 -3.51039093568 -8.57049366475
347 1 3 95 325 -6.82128183318 0.257561428304
348 1 4 95 335 -5.55889583217 -4.10780588648
349 1 5 95 345 -8.93237742812 -2.29544399607
350 3 5 105 5 8.47786785736 -8.6617440186
351 1 1 105 15 5.19575357855 -4.23713497018
352 3 4 105 25 -3.66526949949 6.04978536526
353 3 2 105 35 -3.43761640172 -3.23586537264
354 1 2 105 45 -6.18806233721 6.04558002823
355 1 5 105 55 2.20844324923 -6.0195943358
356 2 3 105 65 -7.54664107534 -4.39471293822
357 1 3 105 75 -8.86407623482 -6.34936212157
358 2 5 105 85 7.67834943814 9.08926868497
359 1 3 105 95 -9.65842964599 7.16101033315
360 2 4 105 105 -0.264995326691 7.52457864654
361 3 2 105 115 1.71831089898 6.23939812822
362 1 5 105 125 -7.98601982853 7.98732828587
363 3 5 105 135 3.85506691403 -9.80879027041
364 3 5 105 145 -2.29192152766 5.56169310457
365 1 4 105 155 2.05799918737 -2.38825793945
366 2 3 105 165 8.18791920732 -3.39139948613
367 2 5 105 175 2.15536655957 1.15608943224
368 3 3 105 185 3.41115751015 -4.94517128439
369 3 3 105 195 5.36074979559 -6.62879205868
370 3 2 105 205 -9.88778245907 -6.19632754287
371 1 3 105 215 8.81928034435 0.188181429954
372 1 1 105 225 -6.34265709615 3.33504473416
373 1 5 105 235 -2.11303958702 -8.35196398939
374 1 4 105 245 7.93764498297 6.22456861377
375 1 5 105 255 -0.569676811847 -1.60216079487
376 2 5 105 265 0.981025986164 7.69995588578
377 3 2 105 275 -3.18479044609 3.48271329913
378 3 5 105 285 -4.15834140256 -1.24169691474
379 1 2 105 295 -7.77015414276 -0.802080568087
380 2 3 105 305 6.04115252309 -9.54635016815
381 1 3 105 315 3.3024494058 -2.7932167678
382 1 3 105 325 2.74694703971 -2.57037543714
383 3 5 105 335 9.34825348664 4.64094995903
384 2 3 105 345 7.20500106766 9.74197536591
385 1 4 115 5 -1.1345143333 6.66684172785
386 2 2 115 15 0.300684910729 -3.8128145918
387 1 4 115 25 -0.53688911003 6.28578012163
388 3 1 115 35 -2.82263958701 8.44302832511
389 3 2 115 45 6.53921142624 -7.81904733098
390 2 4 115 55 -7.95880608931 0.356037591728
391 3 5 115 65 -6.29950957389 9.43669427608
392 3 3 115 75 -9.93605821191 2.49900138135
393 3 4 115 85 -7.08801842556 0.874374782253
394 1 1 115 95 -3.76795050024 -5.71974487065
395 2 4 115 105 -7.87279183146 -5.3144680846
396 2 5 115 115 -3.6168662142 5.79357630417
397 1 4 115 125 6.55397113024 -6.81498139404
398 3 3 115 135 5.07473892714 -8.49692667567
399 1 5 115 145 1.69615417589 9.45345727929
400 1 4 115 155 -9.88354091316 -5.23365741297
401 1 2 115 165 9.02569920993 6.75051133141
402 2 1 115 175 9.1674938569 5.99686927104
403 3 5 115 185 4.87506666046 -3.9118600701
404 1 2 115 195 3.97783739378 -1.43556814548
405 3 1 115 205 -7.95722310709 4.92247357815
406 2 1 115 215 -9.89989021747 -1.25310141721
407 3 2 115 225 -5.81801926837 0.425152641082
408 2 3 115 235 -9.08798690706 3.34477255386
409 2 2 115 245 4.80502721597 4.2278007903
410 2 3 115 255 -3.54366688728 1.72691867565
411 2 2 115 265 -1.97424871371 -2.43551311183
412 3 4 115 275 6.4696224017 -4.32947032847
413 1 4 115 285 -3.875563138 6.10937114596
414 3 3 115 295 -7.50531445218 8.94667486046
415 2 4 115 305 2.05804996639 2.50920395028
416 2 1 115 315 -5.118956925 4.93318451083
417 3 4 115 325 3.39343562987 -3.6591474254
418 2 2 115 335 -6.38518174603 0.413133156248
419 3 4 115 345 -4.23062046397 6.18791838674
420 1 4 125 5 -3.08367280172 -7.36508164698
421 2 5 125 15 -9.00359648697 5.19189874872
422 1 3 125 25 -6.15659347317 5.34984895015
423 3 2 125 35 -3.55213447136 -6.64718570188
424 1 3 125 45 1.69745192557 -0.100516161371
425 2 3 125 55 5.03005030214 -6.34151405641
426 1 4 125 65 -2.7701433048 7.13042922
427 3 3 125 75 -8.83461562336 8.5706839451
428 3 5 125 85 2.35410597928 -7.35731899707
429 2 5 125 95 7.34383268611 -5.67046681856
430 1 1 125 105 -5.47863120425 1.49927088319
431 3 4 125 115 9.38127798716 4.95870795271
432 2 4 125 125 6.09618309817 7.12794524696
433 2 4 125 135 -1.57312462416 6.23621295281
434 1 1 125 145 -4.5832025744 -5.99656504184
435 3 2 125 155 8.63986289181 9.0179447187
436 1 2 125 165 -7.25786604987 2.36260930284
437 2 1 125 175 8.69459354364 -6.48423161406
438 1 3 125 185 -0.0271093953414 5.6108913636
439 3 3 125 195 -4.90857644445 9.15591066233
440 2 2 125 205 3.29942653249 5.1981863822
441 3 1 125 215 7.53081303521 -9.6774336258
442 2 4 125 225 -1.26471357693 -5.8403225693
443 3 2 125 235 6.5773178919 2.57277280494
444 1 2 125 245 -8.15685837344 9.45017865658
445 3 2 125 255 -7.92436040151 -4.05402211591
446 2 3 125 265 -5.92488063673 7.01955161432
447 1 1 125 275 -9.38706031252 4.93678213705
448 1 2 125 285 -3.42072859789 -0.280507584192
449 1 5 125 295 3.60684691162 -9.71795708095
450 3 5 125 305 9.99953403523 -3.857161619
451 2 5 125 315 -0.597188670113 -3.91994463514
452 3 4 125 325 -0.361605823128 7.85878956555
453 2 1 125 335 2.83467889816 2.25100232594
454 3 4 125 345 2.65521484424 -7.16741483261
455 3 2 135 5 2.30471532614 -4.65001623637
456 1 4 135 15 -1.16947045447 3.92982224293
457 1 4 135 25 -1.62434809146 -2.44997243832
458 2 3 135 35 -4.43757280796 -8.78037925856
459 1 1 135 45 -8.99298694372 1.825344959
460 2 5 135 55 -1.21525095945 -0.978332461275
461 1 3 135 65 8.96279005174 0.302766223201
462 3 5 135 75 -0.302753011154 -6.73022094902
463 3 1 135 85 0.387495606966 8.27529581721
464 2 2 135 95 4.53031282311 0.163192876857
465 1 1 135 105 -5.31806181405 2.1300549027
466 3 1 135 115 -6.16016868102 -3.65586947286
467 1 5 135 125 4.29325524521 1.3372062462
468 3 4 135 135 -2.89609528734 8.33375435257
469 2 3 135 145 -1.84465044942 -8.75876551967
470 1 3 135 155 7.42830678312 0.690944803335
471 3 2 135 165 -7.35489446506 6.250431672
472 3 2 135 175 -7.90749331083 4.93730781505
473 3 5 135 185 6.61871495611 -4.4133898809
474 1 2 135 195 -3.15575061313 2.30890574265
475 2 5 135 205 1.37149606043 6.55266297608
476 1 4 135 215 5.15157933103 -3.29706098587
477 2 3 135 225 6.81312997562 -0.175624155507
478 3 3 135 235 -8.07557047593 -6.95236959699
479 1 5 135 245 -3.60750133342 -9.76658565576
480 3 1 135 255 5.77343837041 -1.33836568572
481 2 4 135 265 3.44901990005 -2.74930452213
482 1 4 135 275 1.1876687589 1.21598418334
483 3 4 135 285 7.35693588284 -3.34126156852
484 1 1 135 295 0.576755522181 8.19817389201
485 2 1 135 305 0.5082347408 -1.46910167616
486 2 3 135 315 -6.4621996766 -9.23944456226
487 3 1 135 325 -6.12463637736 3.77798001499
488 2 1 135 335 6.15576169658 6.19288113434
489 3 2 135 345 -9.17502492438 4.10908463157
490 3 5 145 5 2.6067089637 0.993278380287
491 1 3 145 15 7.1436616445 7.75696473312
492 2 3 145 25 -9.61563900037 -4.33256210238
493 2 5 145 35 -7.53279203648 2.17884383115
494 2 4 145 45 -3.58402854934 8.62962627496
495 2 1 145 55 -4.17652910986 -3.80582724575
496 2 4 145 65 -9.07974750908 -5.42649506319
497 2 1 145 75 8.76721054258 -2.86112940039
498 3 5 145 85 -3.87088708596 3.17176771789
499 2 2 145 95 -8.75557635087 -1.82182966584
500 2 4 145 105 -8.34805626087 5.1541289734
501 2 1 145 115 8.99350675429 6.41933654681
502 2 2 145 125 7.86459936288 8.57523484025
503 2 2 145 135 4.27217563305 9.21456296237
504 2 4 145 145 3.36820524122 -1.3608527387
505 1 4 145 155 7.8431454298 -3.2801599027
506 2 3 145 165 7.66345682998 -2.76718430775
507 1 5 145 175 1.81574614133 8.64604900028
508 2 3 145 185 -8.37728874206 1.37796985032
509 1 4 145 195 -0.327309350704 -6.94078927117
510 3 4 145 205 -9.05556443362 1.53283190406
511 3 3 145 215 8.67500791084 -0.762887825567
512 1 3 145 225 -9.51214112014 -3.89664444069
513 1 1 145 235 -7.20771644078 -0.206978099637
514 3 4 145 245 -2.2386773693 2.76524105041
515 3 1 145 255 4.34794370092 -0.108836371339
516 3 3 145 265 8.6617849583 -8.57852144783
517 2 3 145 275 8.34153315457 -3.26692109395
518 1 5 145 285 4.76772476878 -1.95525883037
519 3 4 145 295 7.95927688614 2.72030737318
520 2 3 145 305 3.99323238041 0.462843307145
521 2 2 145 315 6.77063211233 -9.53442497075
522 1 3 145 325 1.71474011446 -9.70081013786
523 3 1 145 335 9.2248846293 5.42546968956
524 1 1 145 345 -7.09103730448 1.58060889891
525 1 5 155 5 9.48745501338 -5.81030776944
526 2 2 155 15 -7.47926882015 -1.55233981006
527 2 3 155 25 3.01794199744 -3.54836291505
528 3 2 155 35 -7.50905452866 2.19405373251
529 1 4 155 45 5.41492231172 3.40560273906
530 1 2 155 55 -7.61014782784 -0.180813408688
531 1 4 155 65 -7.49557995233 9.30081914387
532 2 2 155 75 8.05703493028 9.79932626495
533 1 3 155 85 -7.14089582217 9.18169266103
534 3 2 155 95 6.04444595075 -5.34135356752
535 1 4 155 105 -9.32499459462 -2.2801405572
536 2 3 155 115 0.86199809714 -1.69102668208
537 2 4 155 125 -9.05482119174 7.95608416185
538 3 1 155 135 6.89511747393 8.94013854163
539 2 5 155 145 -0.998930913811 7.89771147983
540 2 3 155 155 -1.47751681422 9.24292505464
541 3 5 155 165 9.26694591682 -3.9692128636
542 2 5 155 175 5.89500054412 -6.45421214398
543 3 1 155 185 -2.49939020119 9.6646974379
544 1 2 155 195 -3.15343412607 7.02133708086
545 2 4 155 205 6.5882727036 6.93412141341
546 2 5 155 215 7.29953680735 -8.90176574057
547 2 2 155 225 -0.592744022292 2.29658435816
548 2 2 155 235 6.79906486738 -6.11983967149
549 2 1 155 245 0.625581187137 4.71241332657
550 1 3 155 255 -1.99081769815 -4.1559215962
551 2 4 155 265 3.18471222807 -2.86599533687
552 1 4 155 275 -6.64983291179 8.10071303957
553 1 2 155 285 5.63122244741 3.16188100062
554 3 1 155 295 0.0838001422649 6.15152299936
555 2 2 155 305 -7.60540933703 7.18718698222
556 3 4 155 315 4.11195560435 0.902687908713
557 1 1 155 325 6.57099944591 2.00046060067
558 2 1 155 335 -5.8253594865 9.8901843604
559 3 3 155 345 2.59671497795 -8.83373384755
560 1 5 165 5 2.32337381603 3.59395030508
561 2 5 165 15 -8.1782560002 -5.14859620162
562 2 3 165 25 -4.66173752175 6.98041919567
563 2 2 165 35 -0.0902766852663 -2.87157283151
564 2 4 165 45 -2.6391106964 -5.52746923007
565 3 2 165 55 3.48135768786 8.19978596127
566 1 2 165 65 8.94987406492 5.20217935134
567 2 5 165 75 -8.95900474067 8.86645883351
568 2 3 165 85 2.23046827834 8.58334358907
569 2 5 165 95 -5.04283451453 0.289768577092
570 1 2 165 105 3.36935563585 9.00432082986
571 1 5 165 115 2.14256053596 0.332263883757
572 2 5 165 125 -0.20322136959 -7.35601023458
573 1 3 165 135 -9.89582512044 9.49975070923
574 2 3 165 145 -3.68915895395 4.78251004432
575 2 5 165 155 -9.84573480219 8.88222414386
576 3 5 165 165 9.59705487638 -2.28548854425
577 3 4 165 175 -8.08794490907 -6.37548145089
578 1 3 165 185 8.0955396182 -2.83342331488
579 1 4 165 195 -3.20968371387 8.24279692949
580 3 5 165 205 3.44528274244 7.82809513561
581 3 2 165 215 -5.61632411059 -5.05209263408
582 2 3 165 225 4.15125837193 3.33137848806
583 3 1 165 235 6.93105757261 6.07120381507
584 1 1 165 245 0.680675023665 1.10041943382
585 3 4 165 255 -2.21006208348 0.226261065588
586 3 1 165 265 -6.79774808007 -0.59687703668
587 3 2 165 275 6.75888470993 8.02636618034
588 3 2 165 285 8.10754127693 -5.89915789142
589 3 1 165 295 -0.822763711862 -9.8334265803
590 2 2 165 305 2.60560666388 -6.25193835163
591 2 3 165 315 0.471048845707 3.79177242481
592 2 1 165 325 8.68375686515 -9.52198860714
593 3 3 165 335 -0.929307226172 0.948044804033
594 1 1 165 345 -8.72178730327 1.97730676492
595 1 4 175 5 5.83481020517 3.32140985821
596 3 1 175 15 -9.94314596229 1.08572023398
597 3 5 175 25 -5.96619532519 8.42278585015
598 2 2 175 35 -9.30384176479 -2.9551991552
599 1 5 175 45 -8.11948929592 2.8857528286
600 1 1 175 55 -5.10552770596 -2.59721160556
601 1 5 175 65 -3.60907472 -4.80720676055
602 1 2 175 75 9.35313450693 5.15778462167
603 2 4 175 85 -9.88071972333 1.68700958096
604 3 1 175 95 -7.93208863349 5.22052995177
605 1 2 175 105 -9.46026574888 -2.2462370679
606 2 4 175 115 5.70129640692 -6.92034104158
607 1 5 175 125 0.676663451413 -4.9553283945
608 1 4 175 135 2.71453171072 -0.918245668046
609 3 5 175 145 1.50371762396 7.52224976576
610 2 1 175 155 2.3952373809 -5.72239138617
611 1 3 175 165 -1.03359266934 -0.257585158085
612 2 4 175 175 0.928545144745 -1.43823619399
613 3 5 175 185 -1.41792558446 -5.90384354794
614 3 2 175 195 -3.81340491768 1.69823108117
615 1 1 175 205 -0.68335288374 -0.382919680361
616 2 1 175 215 -7.93369585361 0.0933956940929
617 2 4 175 225 -1.49017037325 -0.350407201475
618 3 1 175 235 -9.92536580457 -5.75995110543
619 3 2 175 245 1.3962251153 -6.83280141074
620 2 1 175 255 2.49670444961 -5.20609114431
621 2 4 175 265 9.24945716149 -2.01729053111
622 3 5 175 275 -7.17355618597 -4.61684890511
623 1 1 175 285 -8.20762441874 -4.80530568283
624 3 1 175 295 -1.30250954264 -6.75457965024
625 3 4 175 305 6.93930489685 1.92990754759
626 3 5 175 315 1.80375403952 -4.56072942742
627 1 1 175 325 -3.04194033656 -9.08908904153
628 1 4 175 335 7.74356850963 2.64856469625
629 3 3 175 345 1.90892896602 -4.15121775549
630 1 5 185 5 -0.472636822935 -9.95304484383
631 3 3 185 15 1.63351560929 -9.02546317489
632 2 5 185 25 2.5453964803 -5.98306774572
633 1 5 185 35 -4.50125469958 -9.32983478684
634 3 5 185 45 2.70711854513 0.113924189859
635 2 3 185 55 2.75670608051 7.89556861725
636 2 1 185 65 2.95056873453 5.96271684503
637 1 1 185 75 -2.63344958802 8.20586467432
638 2 2 185 85 4.03504134601 -2.34381524428
639 2 2 185 95 2.9284904624 5.62502779585
640 3 5 185 105 6.03803316334 6.7829460324
641 2 4 185 115 -3.01292541345 0.858225038882
642 3 4 185 125 -8.45618800161 2.73855043368
643 2 3 185 135 7.84696243733 0.194971623834
644 1 5 185 145 5.14492434788 -7.57424648375
645 3 5 185 155 -6.18130778922 -3.64338758034
646 2 2 185 165 -3.99659212913 1.28685694453
647 1 1 185 175 -6.25749298698 6.26584983551
648 2 2 185 185 -3.01245278333 -2.72901360784
649 2 3 185 195 -9.30598940961 -5.70113671373
650 1 3 185 205 2.63174300096 6.64206237447
651 1 1 185 215 8.94371014209 -1.55252840356
652 3 5 185 225 1.91942558524 9.34472491546
653 3 1 185 235 2.76033211055 -3.70095533596
654 2 3 185 245 1.25148513228 6.94300666956
655 1 1 185 255 -6.89082209409 -5.88033551354
656 3 3 185 265 -4.76692382595 -1.69854477873
657 2 1 185 275 -9.20598438724 -8.64642848585
658 1 1 185 285 1.30235090298 1.62857485855
659 1 2 185 295 5.93765449741 9.31628109261
660 1 1 185 305 -8.57303028671 -8.66557253057
661 1 3 185 315 9.86535673469 -4.46901327237
662 1 2 185 325 -8.38925626153 -5.83993003661
663 2 3 185 335 8.50930067326 -7.70342481162
664 1 3 185 345 4.49661383512 5.17058457717
665 3 2 195 5 5.21970398573 -1.31365575567
666 3 3 195 15 -7.2039122391 4.63356862274
667 1 4 195 25 -9.90569164312 -3.81003282219
668 2 2 195 35 -5.7705040176 -6.66110308687
669 1 4 195 45 -9.45592749393 -8.83410323719
670 2 3 195 55 7.79012735959 2.65843855657
671 1 3 195 65 9.07304233619 9.73063151079
672 3 2 195 75 -9.35043198715 -2.2525312518
673 2 2 195 85 2.40645649445 -8.79154289515
674 2 3 195 95 9.98828932973 -7.56813960866
675 2 4 195 105 -8.99384534731 3.16743649117
676 3 4 195 115 -9.85742089087 -7.13968017018
677 2 3 195 125 -8.78368612769 -1.46242522518
678 3 1 195 135 -2.02760232601 -7.34257338066
679 3 1 195 145 3.4624311977 -1.46893520499
680 1 2 195 155 -4.69782669847 -3.38544811614
681 3 2 195 165 -5.17009530605 -8.26018265523
682 3 4 195 175 0.428673786374 -3.22109038032
683 3 4 195 185 8.3898923615 4.45908347662
684 3 4 195 195 5.57593453687 3.5205896502
685 2 1 195 205 -6.95649680937 -2.47282524389
686 2 1 195 215 -8.91426498647 -5.65279004909
687 3 5 195 225 -8.10968792329 1.18867957048
688 3 2 195 235 -4.77971021858 6.96786188135
689 3 5 195 245 -7.1192008119 -0.243179805219
690 2 2 195 255 -0.62471204726 5.82353088724
691 3 5 195 265 0.0116019155347 -4.46278871813
692 3 1 195 275 0.64369462281 -4.52022911837
693 2 3 195 285 1.63961613474 -4.43450511495
694 2 4 195 295 -8.15337433199 -3.01300320917
695 3 3 195 305 4.4897180365 -3.30279707748
696 3 2 195 315 0.234922869408 -7.53282648174
697 1 3 195 325 -8.85701038554 -9.48102180593
698 3 3 195 335 0.635402678266 -7.06808310155
699 3 3 195 345 -2.58306793729 0.103019019416
700 1 3 205 5 9.97209884086 7.80746903252
701 2 2 205 15 -6.46328685347 -9.41672514366
702 1 3 205 25 -4.83773990449 8.28917476436
703 2 3 205 35 7.33660530774 -7.40115756581
704 3 3 205 45 4.82400640841 -3.6573207757
705 2 4 205 55 9.10042015387 -0.750799305212
706 1 5 205 65 4.54958264065 9.115530053
707 2 5 205 75 -5.595735153 0.635113773101
708 2 4 205 85 -0.748293935275 -4.35962153604
709 2 4 205 95 -7.02766395063 7.76930540215
710 1 4 205 105 8.85925644592 -9.77269333853
711 3 3 205 115 9.77138581954 -5.40708214999
712 2 4 205 125 7.18789648716 -7.21887427601
713 3 3 205 135 -9.43568777413 1.44566977226
714 1 5 205 145 -4.44969276426 5.54866161952
715 2 5 205 155 8.85450388953 -2.75110912626
716 1 1 205 165 -8.8313243294 -0.316598429443
717 3 5 205 175 -7.06979842649 -0.620923826126
718 3 2 205 185 -7.94053828535 5.07827672993
719 3 4 205 195 6.77605510548 8.25863318906
720 2 3 205 205 6.46679930532 -8.65337968641
721 2 1 205 215 1.54204781003 2.6951584971
722 2 2 205 225 -1.2324991864 0.0844204883522
723 3 5 205 235 9.07661314025 -3.64168465289
724 2 1 205 245 -8.42120557821 2.3551361424
725 1 1 205 255 7.32068349286 -7.87097315692
726 3 5 205 265 -9.10562086628 -6.25321871001
727 1 5 205 275 7.92329670641 -4.74482163506
728 2 2 205 285 -1.11905273658 7.43588138796
729 3 2 205 295 -0.358040897276 4.42168696831
730 2 4 205 305 8.24530428692 -1.01177044278
731 3 1 205 315 -6.82978529204 5.29988051531
732 3 5 205 325 6.19832272609 0.995986536062
733 2 5 205 335 -6.9020012065 8.36337578449
734 2 5 205 345 7.89873869871 -3.00434285024
735 1 5 215 5 -5.68734010214 -9.34373949749
736 1 3 215 15 -6.9363980361 7.70956486168
737 1 1 215 25 9.10779472237 -6.75028398375
738 3 3 215 35 -1.03847524652 -5.38589862547
739 1 3 215 45 6.26000150085 -0.976166668671
740 3 4 215 55 7.01102707701 1.23267652914
741 1 2 215 65 2.94252969569 0.0895261788106
742 1 2 215 75 4.54686076526 3.06846821546
743 1 1 215 85 0.997432907221 -6.66040305864
744 2 5 215 95 -0.859798069356 0.19677286479
745 1 2 215 105 -7.79562395633 6.84619624341
746 3 4 215 115 -2.77747596598 0.104680002208
747 1 3 215 125 -3.52385591209 -0.538661145489
748 1 1 215 135 6.52448003592 4.93587998481
749 2 2 215 145 -4.80446704218 -4.78505817693
750 1 2 215 155 -8.0420542745 -9.29921154451
751 3 2 215 165 0.663893474255 6.79272358552
752 3 5 215 175 3.82475523597 -9.52532137731
753 2 1 215 185 9.33216596667 9.35763821935
754 1 2 215 195 8.54475361595 7.40399963418
755 2 2 215 205 -4.11724215524 -6.52577846136
756 1 5 215 215 9.86596762896 -2.47607373456
757 3 2 215 225 0.730574860494 0.0192368671327
758 2 4 215 235 -6.09540658487 -9.92451082743
759 2 2 215 245 -7.79373322545 -7.21270100835
760 1 4 215 255 -3.80108120543 4.49236788922
761 1 1 215 265 6.60758256643 -9.62959236697
762 1 2 215 275 -2.15978976037 -0.512551710136
763 3 2 215 285 -5.30329913092 8.91006593308
764 2 1 215 295 5.01403239597 -0.0709090629631
765 2 4 215 305 6.0384879751 5.33601033078
766 1 1 215 315 -7.86151217905 8.83173216246
767 3 5 215 325 8.17672939642 1.95360390511
768 2 3 215 335 -2.26407183684 -5.33523759389
769 3 4 215 345 4.74511407011 -0.959307317234
770 1 3 225 5 -8.30972198414 5.27050958795
771 2 4 225 15 1.39383679649 -2.36619860732
772 1 5 225 25 4.51601844563 -8.42282755458
773 2 1 225 35 5.56588007605 -7.18505137943
774 2 1 225 45 -5.15720124828 -5.28976501293
775 1 2 225 55 8.25468424106 -3.26943994125
776 2 4 225 65 -5.74479974107 1.99937360048
777 3 4 225 75 7.41021784247 3.96611656847
778 1 3 225 85 3.34079154719 5.46018956678
779 2 2 225 95 9.24774827303 -2.68525871422
780 3 4 225 105 -8.09217686622 -6.24705912464
781 2 3 225 115 -3.10414098416 -3.84380557654
782 3 1 225 125 -7.35575137984 3.4331060602
783 1 4 225 135 -6.68202911558 9.00322634167
784 1 2 225 145 3.21743308725 -7.90032865941
785 2 1 225 155 -4.85478238658 5.10550800221
786 3 4 225 165 -3.52075618498 2.34648081973
787 1 1 225 175 3.09962426996 -8.77855875875
788 2 4 225 185 -1.37011578307 2.63542456514
789 1 3 225 195 5.52124795975 7.00497467844
790 2 5 225 205 -5.77224808347 -6.30222392408
791 1 4 225 215 -6.93328795854 6.33008400457
792 1 2 225 225 7.44291759314 -7.96567102287
793 3 3 225 235 5.69779536026 1.55064546545
794 3 3 225 245 1.57917879533 -5.42931664769
795 1 5 225 255 -8.02615547896 9.84499133702
796 3 2 225 265 -5.52097449783 -7.00759964027
797 2 5 225 275 -3.60508846146 3.75781082259
798 1 3 225 285 2.30918251747 5.24266191707
799 1 4 225 295 -3.6508779989 -5.47786768012
800 2 1 225 305 3.09979729886 -3.07156083782
801 3 3 225 315 -1.18743984399 1.25852151522
802 1 2 225 325 -3.85038850658 0.0304986610825
803 3 3 225 335 7.10059304984 -6.7457150608
804 3 1 225 345 -6.95172807161 -1.2117442106
805 2 5 235 5 4.39950321161 -1.20874668412
806 3 1 235 15 -8.29728629696 3.55618578668
807 3 1 235 25 0.0168878381659 4.50681743721
808 2 5 235 35 7.82388617682 8.11846440329
809 1 4 235 45 6.29780518726 -0.245603591216
810 3 1 235 55 5.83860054666 -5.74727544849
811 3 3 235 65 7.85300093282 -5.75863668747
812 1 2 235 75 7.75236909619 -7.81112393585
813 1 4 235 85 1.30899411204 8.78946796888
814 2 2 235 95 7.81093659225 -4.57372057254
815 1 1 235 105 7.69030231506 -0.562928114869
816 2 2 235 115 2.7556419292 5.03495141498
817 1 4 235 125 9.64849358635 0.00646096587118
818 1 3 235 135 -8.4627690077 -8.21225033256
819 3 5 235 145 -4.08411438592 -2.14517281668
820 2 5 235 155 8.91652574421 9.41166188041
821 3 1 235 165 0.125233956233 4.00797773653
822 3 4 235 175 2.55661853814 -9.12983791978
823 1 3 235 185 -1.64179272414 7.28520902182
824 2 3 235 195 7.08845752828 7.07641044356
825 3 4 235 205 -6.46500271609 -8.31115446076
826 3 1 235 215 -4.1321974809 -6.815442867
827 2 2 235 225 -5.64214838672 1.60626451971
828 1 5 235 235 -0.206517709 -4.08416902907
829 1 1 235 245 0.458382723225 0.873792767757
830 1 3 235 255 3.76048520736 -5.57160856626
831 1 4 235 265 -9.81014224517 8.45961712141
832 1 2 235 275 -1.78624651018 4.84736255752
833 3 1 235 285 9.77955631336 -0.0696739586503
834 2 3 235 295 -1.53292979119 6.67036742941
835 2 1 235 305 -9.87640976651 -6.38954747476
836 3 2 235 315 -4.41604487243 -4.54074133665
837 3 1 235 325 9.24823602022 8.01680098579
838 3 1 235 335 4.52465335729 -3.05497350103
839 2 5 235 345 -8.5004343704 4.01247473995
840 2 4 245 5 9.71200208071 -9.84566719246
841 2 4 245 15 9.17329782064 -8.34791443195
842 2 2 245 25 3.88774371465 0.109886610198
843 3 4 245 35 3.3520233259 6.65913317424
844 3 1 245 45 7.3476727423 5.52142718848
845 1 1 245 55 1.23965807481 5.26407639423
846 2 3 245 65 -4.67209588962 0.415677696301
847 3 1 245 75 -4.19385931742 8.56503126359
848 3 3 245 85 -8.68873405809 1.37931129272
849 1 5 245 95 2.39414827353 4.39853393675
850 3 4 245 105 -0.115459298384 -2.21081715346
851 1 1 245 115 2.97679360264 -4.2660159108
852 1 2 245 125 -0.29002489624 0.83993797196
853 3 1 245 135 -5.04172790268 -3.63660724182
854 3 3 245 145 5.58044491446 8.27105757601
855 1 3 245 155 -3.40958923172 3.87717604933
856 1 2 245 165 9.46841317619 0.644089306538
857 1 1 245 175 8.37897392973 -8.36504813012
858 1 2 245 185 -3.53432206898 -1.12322062666
859 1 2 245 195 -2.83953265869 -8.84583323072
860 3 3 245 205 9.65971484452 -5.54212734595
861 1 5 245 215 6.70909577996 1.5359228693
862 2 1 245 225 -8.90235591014 -7.78907152215
863 1 3 245 235 5.89985978244 1.13260086058
864 2 1 245 245 -3.58815005687 -1.55619129184
865 3 4 245 255 -4.60390275994 -6.17092654618
866 3 3 245 265 3.35468491836 -7.98851846232
867 3 2 245 275 -0.341100660505 1.13686436296
868 3 5 245 285 -3.4215371486 -2.61491430313
869 2 5 245 295 4.45524481302 -9.85168635543
870 1 1 245 305 4.89087346156 0.846632125345
871 1 1 245 315 7.45236289692 9.77378712421
872 1 1 245 325 -6.92923568763 3.98900818564
873 1 1 245 335 0.897148666587 -0.742727244113
874 3 4 245 345 9.95138365046 0.452858823613
875 2 2 255 5 -4.24409012841 -8.35881697066
876 2 3 255 15 -0.0298858724778 -3.08822956073
877 2 3 255 25 4.62127388752 -2.06720633261
878 1 4 255 35 6.68127809556 -8.81594043236
879 2 2 255 45 6.0771971882 3.63367510244
880 2 1 255 55 5.62904313391 6.57681797755
881 2 1 255 65 0.670223111767 -3.05367676311
882 2 4 255 75 -4.87187916383 0.325200811865
883 1 2 255 85 4.23754345037 7.23747379658
884 1 3 255 95 -4.99751276463 9.01266264493
885 3 5 255 105 -4.97084673143 -9.76307341928
886 3 4 255 115 7.55043580983 8.79710696344
887 3 5 255 125 -9.14596314234 -5.92874544725
888 2 3 255 135 4.76618520899 -2.06656927604
889 3 4 255 145 3.56147858392 -8.8140244427
890 2 5 255 155 1.16066959792 -6.42684129321
891 2 4 255 165 -4.07286617359 0.498973714582
892 2 3 255 175 -7.68546660012 1.19319900451
893 2 1 255 185 -6.94782914379 4.42113285007
894 3 5 255 195 1.76975469817 1.96800409897
895 1 1 255 205 -5.60753548337 7.33370138711
896 3 4 255 215 3.33206913913 4.57930110764
897 3 1 255 225 2.9060667225 -3.11327625826
898 3 4 255 235 -4.90718632822 0.0372982444087
899 2 3 255 245 -7.99416174426 2.19151283824
900 2 5 255 255 3.48770594184 -1.87302277689
901 3 4 255 265 6.44848965814 9.28017810181
902 2 3 255 275 9.0735107646 -1.72413955584
903 3 3 255 285 -9.01815917254 -9.61824997107
904 1 5 255 295 -3.7737303429 6.66446074074
905 3 4 255 305 6.13774551186 3.19390017912
906 3 2 255 315 6.95551223798 6.81539763398
907 3 1 255 325 3.47027567327 0.698795420885
908 3 3 255 335 0.300967575833 0.759746732087
909 1 5 255 345 8.3080632817 1.22302933926
910 1 2 265 5 9.24528981042 -0.854260368543
911 2 2 265 15 -3.05423445196 -0.637040674505
912 3 4 265 25 3.14795521374 -0.36702546874
913 2 2 265 35 -9.56629424871 1.17912000782
914 1 3 265 45 -7.21383830593 6.47894450442
915 2 3 265 55 1.98183660029 7.53116606599
916 2 5 265 65 -6.18893546627 6.1363782847
917 2 3 265 75 3.36013987243 6.71773066362
918 2 3 265 85 -0.252069826773 2.01944731086
919 1 2 265 95 1.08355274724 -7.04931374111
920 3 3 265 105 3.34165083263 -2.89527411847
921 3 2 265 115 -5.56108733275 -9.82308389578
922 1 5 265 125 -2.40518900507 -9.84874762775
923 1 4 265 135 -9.01386491996 1.50822834993
924 3 2 265 145 2.88440336952 8.59112869131
925 3 4 265 155 9.60477252567 3.31362864423
926 3 2 265 165 -0.884560718643 -6.21996489433
927 2 2 265 175 -8.23583824374 2.64936046854
928 1 5 265 185 4.19052106591 -2.21847949237
929 1 5 265 195 -1.64623973096 -3.36949457632
930 1 1 265 205 -1.24908774426 -4.53238725672
931 1 3 265 215 -5.83901925792 4.98901467448
932 1 4 265 225 3.37520205497 1.85568689943
933 2 2 265 235 -3.03497322803 2.24198467683
934 1 2 265 245 2.39019159859 -9.84476784387
935 1 2 265 255 8.59427529207 -6.33153327336
936 3 2 265 265 -2.49019769876 -6.44141448092
937 3 2 265 275 -0.738912943761 3.61778242484
938 2 5 265 285 3.32593251755 1.9962633306
939 3 4 265 295 7.17214157603 0.93472494218
940 3 1 265 305 -9.37028310082 -9.53042508465
941 3 3 265 315 -1.29589001079 -6.00008836587
942 3 4 265 325 9.9951938115 -4.30471274498
943 1 5 265 335 -3.87659585899 8.74429875165
944 1 2 265 345 2.1737641469 -9.57216314062
945 1 5 275 5 5.39155648086 9.57854298789
946 1 5 275 15 1.05070890326 -6.53022994298
947 2 4 275 25 -6.43004301884 -8.85184025276
948 2 4 275 35 2.46796195659 -7.24175224598
949 1 5 275 45 7.53540987869 -8.36248731715
950 1 4 275 55 -4.93374832667 9.73987562039
951 2 1 275 65 -6.29413096263 6.10304123487
952 3 2 275 75 3.62694685969 2.00321223655
953 1 3 275 85 -2.43172831718 3.79704711707
954 2 2 275 95 2.51739989618 -0.0403630376913
955 3 3 275 105 8.70625221256 -2.66592425332
956 2 2 275 115 7.09127918151 4.9304953052
957 1 2 275 125 2.36508953378 8.83319350797
958 2 1 275 135 -8.71991945684 -6.11686013219
959 3 4 275 145 5.1793068154 -3.42517480432
960 1 2 275 155 -0.574968412718 -5.57835330367
961 3 2 275 165 7.16064503804 -5.895960396
962 3 3 275 175 5.03287323926 -1.66436385296
963 2 4 275 185 7.23491487768 -8.34485498015
964 1 3 275 195 -2.78860552993 -1.61324549528
965 1 1 275 205 0.792025810096 1.69827466086
966 2 3 275 215 3.78969472842 4.82724543578
967 3 3 275 225 -8.04991972297 9.46724346237
968 3 4 275 235 -6.25689194357 0.837961867097
969 3 5 275 245 -3.28040146297 2.3629130545
970 1 3 275 255 0.346326409747 -0.808421491434
971 2 2 275 265 1.86513574499 3.11143077354
972 2 4 275 275 -2.08838814042 4.50957748565
973 2 3 275 285 6.09389393178 3.79711091714
974 1 5 275 295 4.65114972615 0.557484927029
975 1 5 275 305 -4.76600338187 -6.33619448828
976 1 3 275 315 -8.34278476005 1.55014467886
977 3 1 275 325 -6.93457633589 -6.11109865438
978 2 4 275 335 5.07082221562 9.60829394454
979 1 2 275 345 9.17043073829 9.10665591419
980 3 5 285 5 2.38223374237 -5.07345466259
981 1 3 285 15 -0.916440276381 -7.12543817921
982 2 1 285 25 -5.57015876793 5.02473592612
983 1 4 285 35 8.35685740864 -2.76864197905
984 3 2 285 45 6.17035242301 -5.1680235096
985 1 4 285 55 2.5850901009 1.73084696009
986 1 3 285 65 -0.619594962776 -4.64767895781
987 3 3 285 75 -1.01455423923 1.40132169194
988 3 4 285 85 -9.79735774806 -4.03467509044
989 3 1 285 95 -6.7670002808 9.24505923597
990 2 3 285 105 -8.44712317544 1.13869245644
991 3 4 285 115 -8.30059772776 0.512979278648
992 1 3 285 125 -2.32082253944 6.67158898147
993 3 2 285 135 -7.39964216955 2.18570504567
994 3 3 285 145 -0.153265308895 9.29494015733
995 3 5 285 155 -0.905158631811 -2.48203395947
996 2 3 285 165 7.70944623685 -0.711372888748
997 3 2 285 175 -5.15128603796 4.43740142029
998 2 4 285 185 -7.25879439429 -2.46871998359
999 2 5 285 195 7.69183696588 -2.42190849424
1000 2 3 285 205 6.35680463961 0.35423095789
1001 3 1 285 215 7.0644664303 -8.14629574617
1002 2 1 285 225 -1.894523484 -1.96613697783
1003 2 5 285 235 6.15888875131 -1.30670167035
1004 3 4 285 245 1.18890628748 -7.33349536541
1005 2 2 285 255 0.595104068854 8.80602268594
1006 1 5 285 265 -4.49913799739 1.59540141737
1007 2 3 285 275 8.04245425462 1.79827088279
1008 3 5 285 285 -6.79755074954 -4.7551901117
1009 3 4 285 295 0.0869971407652 -2.79467638706
1010 1 1 285 305 -3.10051656545 6.50945451483
1011 3 4 285 315 -7.02222192716 3.3181656646
1012 2 2 285 325 4.46770516816 5.52986424336
1013 3 3 285 335 9.79381914708 0.653044810643
1014 3 4 285 345 2.54173802757 -7.89973117954
1015 1 4 295 5 9.04275042719 7.26983880128
1016 3 1 295 15 -7.71132582813 0.733670545076
1017 2 5 295 25 -2.81540014609 -2.07757767688
1018 1 4 295 35 9.06632680507 2.99757155746
1019 2 4 295 45 -7.41800039541 5.37804291279
1020 3 2 295 55 1.5391048347 -5.34656249014
1021 2 4 295 65 2.37711531783 -2.86633885275
1022 2 2 295 75 -3.72266108951 -5.70112939455
1023 1 1 295 85 7.15246307171 -9.69877810182
1024 1 3 295 95 -1.38466014164 -5.05418197835
1025 3 1 295 105 3.70693291309 2.40786127518
1026 1 4 295 115 7.7446862381 7.28433009725
1027 3 5 295 125 9.892876048 -7.17427924995
1028 3 5 295 135 -6.58510713812 -6.09803385115
1029 2 5 295 145 -5.24329371189 7.62878289067
1030 3 1 295 155 -8.30326544389 5.42869908158
1031 1 1 295 165 -4.3800316302 -7.75075804025
1032 3 1 295 175 -0.222303305923 3.3855842473
1033 2 5 295 185 -1.8293788729 -8.12575681614
1034 1 5 295 195 6.66051379978 6.08509224637
1035 3 1 295 205 6.23133067232 6.08824520734
1036 3 2 295 215 -0.675073626942 7.31072139369
1037 3 4 295 225 -7.3828940056 -8.03295435341
1038 1 3 295 235 -2.11480018484 4.48073526831
1039 3 1 295 245 -9.29585650214 2.27968688564
1040 2 2 295 255 -8.00085747501 -4.1474756228
1041 3 4 295 265 1.28076104083 5.35756437491
1042 2 2 295 275 -9.44426339816 -5.2520720665
1043 3 2 295 285 8.49050680512 8.32633540375
1044 1 5 295 295 -3.5180924789 8.19751179417
1045 1 4 295 305 -9.2689548161 1.47128407594
1046 1 5 295 315 5.56099311969 -0.939316872671
1047 1 5 295 325 1.20622407164 3.20336567739
1048 3 2 295 335 4.81792323768 -0.0847437353055
1049 3 3 295 345 -2.26689772074 -0.558466506121
1050 1 5 305 5 -2.90326375974 -3.15986149688
1051 3 5 305 15 -3.10131380103 -8.32563949962
1052 3 5 305 25 -8.66032725652 -3.25595871325
1053 3 4 305 35 1.79803958272 -4.02862392076
1054 3 3 305 45 -5.69492701963 -5.92536926891
1055 1 2 305 55 0.766765059605 2.12409019153
1056 2 5 305 65 -6.06210911597 -0.817218688801
1057 1 4 305 75 -4.58249664547 -6.72083596493
1058 2 5 305 85 -9.80454465098 -4.00369550497
1059 3 5 305 95 6.60889300726 7.66717609071
1060 1 5 305 105 6.27513250811 0.0627558906964
1061 1 5 305 115 -4.42728165971 -0.32570240561
1062 2 1 305 125 -9.31304609266 -6.57043788884
1063 2 2 305 135 -9.70387413667 3.79861450295
1064 1 5 305 145 1.186978867 -1.86182364068
1065 1 1 305 155 9.32735929504 -6.12240544574
1066 1 1 305 165 -1.97738170268 -4.97215087252
1067 2 4 305 175 -9.58743472194 3.02264824143
1068 3 3 305 185 1.97484291705 -5.9152598721
1069 2 1 305 195 1.52447752279 -0.146053303947
1070 1 2 305 205 -5.4245702091 -6.3856818312
1071 1 4 305 215 9.01557975938 7.38172311221
1072 1 1 305 225 -9.71958597813 0.00499405171176
1073 2 1 305 235 -9.07109789251 -3.53169262327
1074 3 5 305 245 -3.48200202685 6.44624866909
1075 1 1 305 255 0.215629352897 -6.08464854759
1076 1 1 305 265 3.62563983167 -4.85511585597
1077 2 2 305 275 1.76864406768 -5.93149190261
1078 2 4 305 285 3.78780357215 -9.0766293068
1079 1 2 305 295 0.854764182479 3.55629337781
1080 2 5 305 305 4.79107789092 -4.40200906992
1081 2 1 305 315 0.442074077846 -6.02979731613
1082 1 5 305 325 -5.83262211559 -0.0560699520862
1083 1 2 305 335 -2.1529488782 9.24758585506
1084 3 5 305 345 1.64861713347 -4.53468870931
1085 3 3 315 5 3.29512710853 3.9768110051
1086 2 5 315 15 -0.588606379198 -7.72573043437
1087 1 5 315 25 5.36393333434 9.66888120021
1088 1 1 315 35 -7.48096351281 2.58809278525
1089 1 3 315 45 9.09424993574 1.859114575
1090 1 5 315 55 -6.88782695366 5.58329933075
1091 2 2 315 65 -7.31102802173 1.56816496707
1092 3 4 315 75 -3.60970870776 7.73204230168
1093 3 1 315 85 -1.17499417699 -6.2429256806
1094 2 3 315 95 5.46767431482 6.30979173323
1095 1 1 315 105 -9.43262972832 6.34634189232
1096 1 1 315 115 -8.46106222856 -5.74981615313
1097 2 1 315 125 -9.2714990609 -7.67816250104
1098 2 1 315 135 7.13058310881 8.14615757449
1099 1 1 315 145 1.49792936405 -1.73433883104
1100 1 5 315 155 5.53721754786 -0.344370859732
1101 2 1 315 165 0.509228853948 -9.86035179048
1102 2 2 315 175 3.36865997627 -8.00667830684
1103 3 2 315 185 7.1304802628 2.89664351695
1104 3 3 315 195 0.197678736123 0.980716914024
1105 3 2 315 205 1.34392642312 -0.440451219058
1106 1 3 315 215 3.65481826674 -5.87707021737
1107 3 5 315 225 -0.0977717349889 -4.72086318488
1108 2 3 315 235 -0.190423020576 3.26796868534
1109 1 1 315 245 8.85831418777 1.70175469794
1110 3 5 315 255 2.84264699754 -2.1867399928
1111 2 1 315 265 -8.02049642626 -6.94456870729
1112 1 2 315 275 -7.50944038479 0.0785527321371
1113 2 5 315 285 1.98658575871 -8.94791753069
1114 1 3 315 295 8.75686730675 9.4412221027
1115 2 1 315 305 -8.01586032254 3.57711849358
1116 3 2 315 315 -8.87531911072 2.17093556867
1117 3 1 315 325 1.26659431823 -8.66327531622
1118 2 4 315 335 -7.38427548749 -1.97178499147
1119 2 3 315 345 -1.33421875266 -5.49454194903
1120 1 5 325 5 -2.56215585721 -5.13878478815
1121 3 1 325 15 -2.88588131632 2.52015637844
1122 2 1 325 25 6.09545418011 -8.85114465513
1123 1 5 325 35 5.91499210836 6.65194758832
1124 2 2 325 45 4.98089499157 7.07925904632
1125 1 1 325 55 1.04055905123 0.572710930485
1126 2 4 325 65 5.04156393661 7.09775297972
1127 1 1 325 75 -4.9390931598 -8.40305203412
1128 2 3 325 85 -1.2423736861 -6.84792862206
1129 3 5 325 95 8.02093624988 -6.17191742601
1130 1 3 325 105 0.00110143053906 -6.17471619968
1131 3 2 325 115 -2.414544707 1.22176936528
1132 3 2 325 125 3.22686092854 -2.96291403177
1133 1 2 325 135 8.03061088403 -5.51986433977
1134 1 3 325 145 9.29934821997 1.68242178043
1135 3 1 325 155 0.676318427999 9.13702091014
1136 1 5 325 165 8.10954543896 -9.34362139893
1137 1 3 325 175 -8.1687198476 5.95444580818
1138 1 1 325 185 -9.16793390842 3.18550613931
1139 2 5 325 195 0.930337005809 -6.4381825689
1140 3 4 325 205 6.3618089976 -8.18462425855
1141 3 3 325 215 1.58811397507 -4.59312222527
1142 3 4 325 225 8.09592354455 2.42975919115
1143 3 3 325 235 0.671943951158 -2.57904377363
1144 1 1 325 245 -7.72076115272 -3.49242750941
1145 2 3 325 255 -8.26605876186 -5.56912222323
1146 1 3 325 265 -7.46907929521 -3.13894220508
1147 2 5 325 275 -5.27265770779 -1.05867634852
1148 1 3 325 285 -0.621497671227 -1.31767518493
1149 3 1 325 295 8.95082500317 3.86811264017
1150 2 1 325 305 3.49356928545 -4.2062659448
1151 1 2 325 315 6.10354845813 -0.683364612798
1152 3 5 325 325 -9.05281301729 -1.00107928044
1153 2 4 325 335 -4.57204503962 -9.09986136524
1154 1 3 325 345 1.24122923504 -7.50822792987
1155 3 2 335 5 -6.94961247429 3.81675774577
1156 3 1 335 15 7.0263612849 5.53288279262
1157 1 3 335 25 6.47655876367 6.49786170682
1158 1 5 335 35 -1.03543540705 2.49890109149
1159 1 4 335 45 -8.07046685111 7.62371437264
1160 2 5 335 55 0.93552088184 -9.6769347544
1161 3 2 335 65 7.65890643585 -3.29443418769
1162 2 5 335 75 9.06423115896 -9.82252677427
1163 3 5 335 85 -1.63392594779 -5.95698427402
1164 2 2 335 95 -3.29485219869 -2.9406795627
1165 2 1 335 105 5.78832086996 -5.85650521746
1166 3 2 335 115 9.48825769506 8.67730020335
1167 2 4 335 125 -1.80556063108 4.09875136442
1168 2 5 335 135 -4.00977838207 0.668004277981
1169 3 4 335 145 -0.391722472383 -7.25419394289
1170 1 3 335 155 5.89578381536 -6.15169565144
1171 2 2 335 165 4.44972850044 5.95294377529
1172 1 3 335 175 -3.52839343191 -3.04910666134
1173 2 2 335 185 -0.27411480278 7.83064743261
1174 1 1 335 195 2.83668991259 -7.79519520008
1175 2 4 335 205 4.50723670719 0.145848204352
1176 2 1 335 215 3.92595736086 -8.06105905825
1177 2 1 335 225 1.1408641091 2.18202946478
1178 3 5 335 235 2.64517314621 -9.87030813155
1179 3 3 335 245 1.7410672492 -4.7893660048
1180 1 3 335 255 -9.80700275159 -5.13445362204
1181 2 1 335 265 9.86864940518 7.16282896635
1182 2 5 335 275 8.87672087543 -5.11825216599
1183 1 3 335 285 4.45669407093 8.25923581642
1184 3 2 335 295 8.47227794185 -1.51343758915
1185 3 4 335 305 -8.08455259557 7.97483147917
1186 1 1 335 315 3.05405198959 -7.04154723188
1187 2 3 335 325 -3.18619046414 -3.46085955212
1188 1 2 335 335 1.20645120696 -7.31931950986
1189 1 4 335 345 -0.205851289387 -0.99808741065
1190 3 3 345 5 -0.267597820687 -7.27130201263
1191 3 1 345 15 -5.08066407533 7.47807187791
1192 2 5 345 25 5.948258702 -9.79544817828
1193 3 3 345 35 8.4093657983 0.42742957436
1194 3 4 345 45 -3.02621180275 6.02265688807
1195 2 3 345 55 -7.7498788576 9.59820878246
1196 2 1 345 65 -9.15285844917 -5.20859139272
1197 1 4 345 75 -7.31510117517 3.28486098489
1198 3 4 345 85 -6.27194025207 6.37320736539
1199 1 4 345 95 6.30772623804 -0.924549328513
1200 2 4 345 105 -8.03646321877 6.17798660865
1201 3 2 345 115 3.57916268666 -1.86288198473
1202 2 2 345 125 -4.11945882348 -9.78188603372
1203 2 5 345 135 1.39674327914 2.43851918408
1204 1 4 345 145 -0.875632231371 2.58637393138
1205 1 4 345 155 -3.37886480555 -6.58454836503
1206 3 4 345 165 -5.19947357637 -8.10637422088
1207 1 5 345 175 9.36088118953 7.74396103589
1208 2 4 345 185 2.26488304061 -8.11710998716
1209 3 1 345 195 -0.673022274316 -8.10191204085
1210 2 5 345 205 -9.61581218842 8.84518263269
1211 1 4 345 215 3.74045550519 -4.75858651327
1212 1 5 345 225 -3.09618093304 -6.26442956008
1213 2 3 345 235 -3.22127066123 -5.78088694688
1214 3 4 345 245 -8.37404173008 -3.91976152535
1215 1 3 345 255 3.31125736292 -3.60243693284
1216 1 3 345 265 -1.99601474897 7.29601143437
1217 3 2 345 275 5.73571023588 9.62800108234
1218 3 4 345 285 8.4065329409 5.65428537086
1219 3 4 345 295 3.59578619109 5.88351608329
1220 1 2 345 305 -0.51540283949 5.93762165941
1221 2 3 345 315 -4.43665041805 8.05841748132
1222 3 5 345 325 -5.9857423247 6.31596756602
1223 2 3 345 335 6.04679161962 4.6851518921
1224 1 5 345 345 -1.57651874372 1.36632169565
