210 210 441
0.001 1 1
0 3 4 5 5 8.84018387931 2.73882004478
1 1 3 5 15 7.12889470075 4.93587163145
2 2 5 5 25 -3.99510317305 -3.30080330131
3 2 2 5 35 -5.1245596499 -8.74964407796
4 2 1 5 45 -2.84174613868 -9.49404649232
5 2 3 5 55 -2.51014641553 -4.83994718217
6 3 5 5 65 5.4258078765 -3.68700208451
7 1 5 5 75 -2.77575070949 6.53708143787
8 1 2 5 85 3.35097561618 3.7988061234
9 2 4 5 95 0.0574221764078 -0.125936581218
10 1 5 5 105 -4.53036171072 -5.04217239009
11 1 4 5 115 -2.47420777945 4.52443360314
12 1 5 5 125 -0.836751184041 9.68900871663
13 1 2 5 135 2.09071681427 0.335342696371
14 3 4 5 145 5.3662642445 -8.44698459133
15 2 3 5 155 -0.763413661706 7.9665097244
16 3 3 5 165 -6.00886276812 -1.33390663918
17 3 1 5 175 -7.67253291203 -0.596905623361
18 2 1 5 185 3.70059069568 -6.0395377091
19 2 4 5 195 -6.82787926051 -9.20896050072
20 2 5 5 205 0.910200244206 9.64941524071
21 2 3 15 5 -7.69297413149 -8.87999438904
22 2 1 15 15 -7.89387209139 3.9847377541
23 3 5 15 25 -9.2659800096 -4.32429464542
24 1 3 15 35 -1.10088189025 2.90579523432
25 2 5 15 45 6.58591450279 4.42747191105
26 1 1 15 55 -7.65638115601 4.05132688014
27 3 5 15 65 7.02391471594 1.6179619896
28 2 2 15 75 -5.16207574516 1.2204417155
29 2 2 15 85 -1.25390375694 0.764044773478
30 2 1 15 95 0.897040941711 9.02212685453
31 2 2 15 105 -8.98016429932 -7.1646576442
32 2 2 15 115 2.00203089073 2.59570967579
33 2 5 15 125 9.90595153156 -7.73585648359
34 2 5 15 135 4.41682043678 -8.26462610275
35 2 3 15 145 -0.930112793219 2.19219509863
36 2 4 15 155 -6.70564165836 1.69276546797
37 2 1 15 165 0.320879913872 -7.70204638365
38 1 4 15 175 -6.67395942848 4.00443824933
39 3 4 15 185 2.85961574747 -8.1352382575
40 3 5 15 195 -2.52839229748 1.86656126971
41 2 3 15 205 -4.92142054782 -6.96831609358
42 3 3 25 5 6.58473970108 9.8440462184
43 1 1 25 15 -3.01640606061 -3.11691450807
44 2 1 25 25 -0.379868251367 -7.06930635829
45 2 1 25 35 0.864074659022 7.54578323882
46 3 3 25 45 4.94356978251 7.36791779812
47 1 4 25 55 -8.08016717454 -7.52928974661
48 1 3 25 65 0.939398378621 9.78343015713
49 1 2 25 75 8.8865843871 3.73591540974
50 2 1 25 85 6.13462318091 -4.14979986772
51 3 5 25 95 4.46315802066 2.75400147181
52 2 3 25 105 8.73885716069 2.27118062103
53 1 5 25 115 -9.6694450467 6.75215462227
54 1 4 25 125 4.01292050116 8.37206913783
55 2 5 25 135 8.00335292449 -3.07474438152
56 2 5 25 145 -6.15385757837 -5.16774459187
57 2 1 25 155 7.55195657188 -7.84736079124
58 1 1 25 165 1.51879828055 -1.60740319059
59 2 2 25 175 7.28813961479 -8.31706623095
60 3 4 25 185 -8.042218256 -1.06538535111
61 1 3 25 195 -1.40970592729 -3.05983508584
62 3 4 25 205 4.7070286255 5.3151510267
63 2 5 35 5 1.75425212955 7.36102064336
64 3 3 35 15 -9.68544461592 1.78331590581
65 1 1 35 25 -5.80197874712 8.4074798689
66 2 2 35 35 6.45124617566 8.00337686202
67 3 2 35 45 8.83779108427 -4.88527241335
68 2 1 35 55 -0.456357305462 0.656311747154
69 1 3 35 65 6.29517214841 -9.46951711764
70 2 4 35 75 1.8962304118 5.83351018298
71 2 5 35 85 -8.30647780196 -8.91698224311
72 2 4 35 95 9.51276861096 7.747549391
73 3 5 35 105 6.62603274683 -9.89397129792
74 2 3 35 115 -3.1481844574 -6.28313286063
75 1 1 35 125 -2.74409631146 -8.91014996975
76 1 4 35 135 -6.65418869585 2.984747381
77 3 2 35 145 9.54092537147 -9.05492701711
78 1 4 35 155 0.717732314294 -2.35445126487
79 3 5 35 165 -2.00236318357 2.49369773797
80 3 1 35 175 -1.74091542257 -8.61690540988
81 1 2 35 185 7.39143505769 6.31865370953
82 3 4 35 195 -4.52189276474 -4.06965560401
83 1 2 35 205 3.37439302384 9.14096777867
84 2 2 45 5 -1.33675328289 6.01064019373
85 1 3 45 15 3.11995868803 1.12028829167
86 3 5 45 25 -8.35038331948 -7.00367770299
87 1 5 45 35 8.71654300477 0.377882612572
88 3 5 45 45 -8.71465003967 -8.05337853016
89 2 5 45 55 5.36393776919 -3.44629921956
90 2 2 45 65 8.57626391495 7.95778645822
91 2 5 45 75 -7.38747540961 -6.84173232711
92 2 2 45 85 -8.24573378869 4.64852185605
93 1 1 45 95 -0.896322550396 -0.0101400786288
94 1 4 45 105 4.75770952949 -6.74203720002
95 2 3 45 115 2.44859762948 8.48142388336
96 1 4 45 125 8.01437962237 7.67283991666
97 3 2 45 135 -7.71933517231 -0.556363316509
98 1 1 45 145 0.486409489152 -0.718080341811
99 3 3 45 155 4.50874020915 -7.19895686694
100 2 3 45 165 -6.29132757357 8.00943183107
101 1 3 45 175 9.13499231006 -4.31366778044
102 2 5 45 185 -6.54711017272 -6.41677827234
103 1 4 45 195 8.5806458575 -1.90610619379
104 3 1 45 205 2.00366624908 -8.48051123376
105 2 5 55 5 2.81879042865 -8.21443879027
106 2 3 55 15 0.721450392076 3.36102880092
107 1 2 55 25 0.726767985877 9.23916239386
108 1 3 55 35 -9.14353473475 5.92955321022
109 1 4 55 45 -6.67603154911 7.33094633352
110 3 3 55 55 -1.98548649894 -1.75570091647
111 1 5 55 65 1.16900646811 1.67596015982
112 3 4 55 75 -6.44156009909 -4.26323550893
113 1 5 55 85 7.04537380087 4.31097686342
114 2 5 55 95 -7.33602148473 -0.432077200491
115 3 5 55 105 6.17828235156 5.41821815292
116 3 1 55 115 -9.94826838017 8.43220519571
117 3 1 55 125 -9.4633811498 7.30694837685
118 1 1 55 135 -0.181873915344 8.91988781799
119 3 3 55 145 4.23421579881 2.93897571425
120 1 1 55 155 6.59714267986 -6.25741259016
121 2 5 55 165 1.27357371116 2.4957014685
122 1 5 55 175 7.71683896641 -3.99297375846
123 1 5 55 185 -8.85377122555 1.64556130451
124 2 2 55 195 9.45322556275 -2.28899000139
125 1 3 55 205 5.89627089544 -1.7204959186
126 1 4 65 5 2.92282314089 8.99715815359
127 1 1 65 15 3.77138956503 5.04775481583
128 2 2 65 25 -0.803742336434 -7.16506646638
129 2 5 65 35 9.17030468161 1.53792482832
130 1 4 65 45 7.79487828405 -7.10701804824
131 3 5 65 55 -4.01750469734 -3.29158007449
132 1 1 65 65 -2.92890769538 -8.60019888824
133 1 4 65 75 -4.62321767278 5.05995765451
134 1 4 65 85 -0.851771149733 2.70789629863
135 3 2 65 95 0.763439999493 -6.58087284031
136 1 4 65 105 4.27782145646 -6.81715848646
137 3 3 65 115 0.313397766195 3.90585549499
138 3 2 65 125 8.51297906034 3.58202392448
139 3 3 65 135 9.96303180396 7.47532362291
140 2 4 65 145 3.10559864479 -4.19337552168
141 2 1 65 155 8.1618135091 7.01034274267
142 1 3 65 165 4.77036148369 -7.45717677746
143 2 5 65 175 -8.84457524067 -3.52173260961
144 2 1 65 185 9.62594381244 2.05623525594
145 1 2 65 195 -2.16925116164 3.45180425405
146 3 1 65 205 8.59384708814 -8.18849341565
147 2 3 75 5 5.89257082576 2.90669237413
148 2 2 75 15 -9.83210629352 -3.14141409359
149 3 3 75 25 3.47706382694 -0.266067053623
150 1 5 75 35 5.20967959944 8.86064512401
151 3 2 75 45 -6.31656389229 1.49366744441
152 1 2 75 55 -8.04274574293 1.47071252514
153 3 1 75 65 -8.83344824553 -5.32752358181
154 1 3 75 75 3.31334326708 -8.81472400566
155 3 2 75 85 -2.23159812926 -7.90851432948
156 3 3 75 95 -4.61691359512 8.454245767
157 2 2 75 105 9.13984950805 -8.50995657799
158 2 2 75 115 -3.95338665559 -3.44118264311
159 2 1 75 125 -7.50295243419 -8.80212454252
160 1 4 75 135 -1.00777257755 0.332350429032
161 3 3 75 145 -6.20603384068 2.81157575493
162 3 5 75 155 0.464479047869 7.76198210509
163 1 2 75 165 -2.76238269668 0.373987618863
164 1 1 75 175 -4.89573782945 7.19990433017
165 3 1 75 185 -9.30913988826 8.03247662175
166 3 4 75 195 -7.87078189426 4.97201226177
167 2 2 75 205 8.58105440025 3.92887994891
168 2 4 85 5 -4.32716240273 5.59564527303
169 3 1 85 15 -1.8875861596 2.28844859961
170 2 2 85 25 6.13824359385 1.31977272066
171 3 5 85 35 -1.12630234166 1.93273667126
172 1 2 85 45 9.86830919006 -3.61447997064
173 1 3 85 55 6.33200869463 9.66573542841
174 2 4 85 65 -0.98489668073 7.94061193718
175 1 4 85 75 -1.97124832273 -2.95485554486
176 1 3 85 85 5.24892481056 -4.16636019863
177 1 4 85 95 4.37158082023 -5.13140185888
178 2 4 85 105 -7.62448461805 0.96399839591
179 1 2 85 115 -7.99781196144 3.43576301445
180 3 5 85 125 8.02141911763 -0.233447211695
181 1 5 85 135 -2.05810016711 1.77203607409
182 1 3 85 145 7.22745734342 -8.96785195069
183 2 4 85 155 3.25951729759 8.75431369445
184 3 1 85 165 -4.88308664611 -9.38012373231
185 1 4 85 175 2.08939013051 -9.82074804802
186 3 4 85 185 -3.42073321682 -7.33185158113
187 3 4 85 195 -1.87665564053 -2.21176002089
188 3 5 85 205 -2.50043863866 1.25027415424
189 1 3 95 5 5.72002860626 1.65581623101
190 1 3 95 15 -3.77270220021 4.82345740102
191 2 5 95 25 1.97989879843 -6.5031892961
192 2 5 95 35 6.72417902721 -0.731195942061
193 3 5 95 45 -8.96737210385 -0.297329232647
194 3 3 95 55 -6.54329649302 0.57674948678
195 3 2 95 65 4.04451796807 -3.2789754875
196 3 5 95 75 -3.70482150297 -6.37312880597
197 3 5 95 85 6.24147585298 -4.5365199962
198 1 5 95 95 6.1752460098 6.02721383858
199 3 4 95 105 4.49987032802 -8.14515383284
200 1 1 95 115 2.61310308947 -4.86376180095
201 1 3 95 125 -3.56705890231 -1.87915081177
202 3 2 95 135 -5.37753592729 -2.89802056811
203 3 1 95 145 2.85625187072 5.89138886837
204 2 4 95 155 -9.32881596664 8.29338727977
205 3 3 95 165 6.91517520242 8.50849151275
206 1 5 95 175 3.96513323241 -0.236638934875
207 3 5 95 185 2.5060289351 -0.942626525053
208 2 2 95 195 3.11435727614 -7.27588394313
209 1 1 95 205 4.20530130109 -4.19983149088
210 1 3 105 5 9.08272503324 -7.36958916842
211 1 1 105 15 -4.03096481171 -5.84242565075
212 1 1 105 25 5.28572271916 3.96973700103
213 3 3 105 35 8.64058345419 -1.29147672548
214 1 3 105 45 -2.69938241862 8.56892797157
215 1 2 105 55 -3.20392633166 -1.1510356478
216 3 5 105 65 -7.70506368893 4.00261666205
217 2 4 105 75 -5.29369834376 -9.09132311578
218 2 5 105 85 8.84296050295 -4.62778489602
219 1 1 105 95 7.76886503041 5.26780047636
220 2 4 105 105 -1.3104373167 -0.370702921294
221 3 2 105 115 -4.42286113287 -3.39080745246
222 2 5 105 125 -5.52195025866 -4.46674244867
223 1 1 105 135 -3.66255683747 9.78163070273
224 1 4 105 145 -8.58271010913 -2.12755684841
225 3 2 105 155 -1.48369754592 -8.63618994896
226 3 5 105 165 0.213946443 -9.32862072094
227 1 2 105 175 -4.45123135367 -8.45944077572
228 3 1 105 185 4.73960619419 -0.306012975007
229 3 5 105 195 0.841413315313 -6.63998205802
230 1 1 105 205 2.86740849163 -4.1461100378
231 1 5 115 5 -1.46874174357 4.16370054939
232 2 3 115 15 -1.20029489929 6.37854842079
233 3 3 115 25 -0.584404742155 -8.16935677531
234 2 5 115 35 -6.95576261197 -1.00948126922
235 2 5 115 45 7.15381394096 -9.58437563571
236 2 3 115 55 5.34235108393 1.85227133367
237 2 2 115 65 -1.86111730634 7.13167535271
238 1 5 115 75 -6.59466078711 -1.6191815786
239 3 2 115 85 0.495865970675 -7.84767417831
240 3 1 115 95 -9.85071423383 -7.6052465543
241 3 1 115 105 -0.14815332452 6.46838425004
242 1 5 115 115 -5.69455698471 1.91639964118
243 2 2 115 125 -9.61450524027 -4.90172183927
244 2 4 115 135 3.43860196335 -2.16876051143
245 2 4 115 145 6.97147712752 -6.14285782567
246 1 5 115 155 -1.42077841789 -2.62169936147
247 3 4 115 165 1.51246301283 -0.791938138705
248 3 5 115 175 -3.55102054181 4.86093068148
249 1 5 115 185 0.202575915432 8.2940868272
250 1 1 115 195 -7.41270349535 -3.8800596297
251 3 3 115 205 -3.97324495045 -3.09953252556
252 2 2 125 5 5.62776141603 -5.94426496208
253 1 4 125 15 -8.80121742323 6.2582605668
254 2 1 125 25 -9.60173585855 3.24233499117
255 3 2 125 35 -6.95903922912 5.33476145533
256 3 2 125 45 -8.00072114685 0.678969215491
257 3 2 125 55 3.88671684395 2.99613311986
258 3 5 125 65 1.45877871728 0.309361002668
259 2 1 125 75 1.06252168842 -0.791856898207
260 2 3 125 85 1.6281625854 -1.22664081683
261 1 5 125 95 3.22492443995 5.3118757453
262 2 4 125 105 -4.89817228196 -3.84481061896
263 3 4 125 115 6.64583312419 6.15318915032
264 3 2 125 125 9.80429652296 -0.400201631538
265 2 1 125 135 -2.18780819758 1.45832374236
266 2 4 125 145 -2.3769932549 -0.828451709859
267 1 1 125 155 -7.10709347555 -3.1037817256
268 2 4 125 165 9.50283796362 -3.43434347625
269 3 5 125 175 -4.87925602369 -9.33652384632
270 2 4 125 185 0.553551479333 -6.87203806794
271 3 3 125 195 4.15738074987 9.63002962176
272 1 4 125 205 -3.74339043193 5.82753583748
273 1 5 135 5 4.25326950166 3.85639934616
274 3 2 135 15 3.69065217709 -7.60773940014
275 1 5 135 25 -1.7283223114 -2.14112757791
276 1 2 135 35 -2.56466798991 5.22859932575
277 1 3 135 45 -6.23048417467 -5.12447792714
278 1 1 135 55 -8.12870005272 -5.22045914935
279 1 4 135 65 0.224032589236 -9.22200751643
280 1 2 135 75 -0.415864807079 -8.52528772771
281 1 5 135 85 -1.10718250674 -4.75473744561
282 2 5 135 95 5.01188094322 4.57285853713
283 1 3 135 105 9.01430018985 -7.6527005127
284 1 2 135 115 4.55019356713 3.11846923835
285 2 3 135 125 -5.62994491296 -5.31241071101
286 2 2 135 135 -6.52530334847 0.481902099934
287 2 1 135 145 -4.50430919192 9.11975575338
288 3 4 135 155 -7.26134810003 2.92550865257
289 1 4 135 165 5.48835100859 8.13385194715
290 3 1 135 175 -8.03468103467 -0.623786896855
291 2 3 135 185 -7.44910332032 9.99821348501
292 2 5 135 195 7.94293702042 -8.50664269748
293 1 1 135 205 7.08615128447 -7.59219092796
294 2 3 145 5 -7.49554822097 -8.94955253087
295 1 5 145 15 3.13542490183 -9.83946239543
296 3 4 145 25 6.53007891658 -1.18420345483
297 1 2 145 35 8.042018387 -3.54079156331
298 3 4 145 45 -2.77049863541 -5.24311193279
299 3 5 145 55 7.42502831831 5.58170118161
300 1 1 145 65 -9.88169691708 8.90370280835
301 2 5 145 75 -2.61754234914 9.708271166
302 3 3 145 85 -2.42584676323 -5.63101526993
303 2 5 145 95 -9.20477121903 -5.07282542146
304 2 3 145 105 -8.45904612848 5.92031978178
305 2 5 145 115 -8.59604247707 3.16461506154
306 3 2 145 125 8.52116964458 0.0162268184845
307 3 3 145 135 0.936547423479 -8.83745663801
308 1 2 145 145 7.1270270739 -5.82850697705
309 1 5 145 155 -0.716333209847 -3.58458934391
310 1 2 145 165 -8.10368616649 7.05690385425
311 2 2 145 175 -3.3914714894 1.5494717869
312 1 1 145 185 -1.73686832236 1.19423342728
313 1 2 145 195 -2.23370041118 0.560253578307
314 3 5 145 205 4.43726003593 0.765041297336
315 3 2 155 5 -9.89667234299 7.6532720312
316 3 3 155 15 -3.39152651048 5.38012040417
317 3 5 155 25 -3.2432655849 9.46617511814
318 3 2 155 35 -3.3379033391 -6.1754368537
319 1 1 155 45 -2.84092771503 -4.55168400898
320 2 5 155 55 0.0974017446254 4.83083265584
321 3 5 155 65 -1.45885288875 4.05471621396
322 1 2 155 75 -8.30128300404 4.81430757994
323 2 2 155 85 0.971434233834 0.891845691875
324 1 5 155 95 2.28847094122 6.25858871464
325 2 4 155 105 -5.2962565691 8.84156608325
326 1 4 155 115 9.82018846139 5.25924838129
327 3 3 155 125 -5.69390148046 1.53392582683
328 3 2 155 135 5.26326686945 5.6430995269
329 2 3 155 145 6.54000526513 -0.154235633387
330 1 1 155 155 4.44122533747 -4.45240981774
331 3 3 155 165 9.29794053422 -0.370463843971
332 1 3 155 175 -0.584924233678 3.75492763006
333 3 3 155 185 2.11288961354 9.00978098045
334 3 5 155 195 0.988850108631 0.0506521957467
335 1 1 155 205 5.74927972414 7.45133915335
336 2 5 165 5 -8.06484230866 5.39197770222
337 1 2 165 15 -4.2524784901 1.69689819374
338 3 3 165 25 7.55302489883 1.89139095676
339 1 5 165 35 6.21088964303 1.2824088356
340 2 1 165 45 7.74995223554 7.0992328861
341 3 2 165 55 -9.36594704176 -2.03341825474
342 1 4 165 65 5.47257144692 -7.78795991936
343 1 3 165 75 -2.90938846075 8.64531374195
344 1 5 165 85 -8.05265536981 9.81757734135
345 2 1 165 95 5.67806471512 6.75719813339
346 2 3 165 105 -7.92602327762 -3.74357747181
347 1 2 165 115 -8.34865315916 6.58466071363
348 1 1 165 125 8.81703911637 1.9559033372
349 1 3 165 135 4.12268662427 -5.71831108626
350 3 4 165 145 -6.02355001203 2.38115097258
351 1 1 165 155 0.275105638556 7.77436150155
352 1 2 165 165 3.50937598226 6.88288038699
353 1 3 165 175 -8.24562268304 -6.272927145
354 3 3 165 185 8.72737011049 5.10293265082
355 1 1 165 195 -5.07370498661 -1.72986143636
356 3 4 165 205 -3.24396765149 6.68150928757
357 3 5 175 5 -8.74632182511 1.37447980733
358 1 1 175 15 -6.30849432166 9.95870268
359 2 4 175 25 9.53692706211 -8.6266557159
360 1 3 175 35 5.69809468781 -4.26206335057
361 1 1 175 45 -6.68138485167 -1.91036709769
362 2 5 175 55 0.394791596094 -0.629997282141
363 2 3 175 65 -9.06561524808 -3.17364216449
364 3 5 175 75 3.64748241692 -9.94634432716
365 3 3 175 85 -2.95285867517 -7.76768131907
366 3 1 175 95 -1.90952567682 -4.50501964602
367 2 3 175 105 -0.920103166136 -5.19614372736
368 2 4 175 115 9.65578150317 -1.55665986229
369 2 1 175 125 3.63954709699 0.68488775447
370 1 2 175 135 5.85065567655 4.87889455019
371 3 4 175 145 6.09288129222 -7.16325441961
372 2 2 175 155 3.44711592791 2.28933736058
373 2 2 175 165 2.50675593083 1.92312057621
374 2 2 175 175 -9.38819344723 -3.09672526998
375 3 5 175 185 -9.56110184168 5.24878695855
376 2 5 175 195 -9.47232369615 -3.12869244894
377 2 5 175 205 9.83137952072 -8.2472564588
378 1 4 185 5 8.57114710603 -0.370331637396
379 1 5 185 15 4.73978854306 9.29101876405
380 1 4 185 25 4.42203926827 -3.37398745131
381 2 2 185 35 8.02667058309 -0.082786254456
382 2 4 185 45 9.34813605397 -2.19927703263
383 1 5 185 55 -0.840479781183 -3.5823985927
384 3 3 185 65 8.111751776 8.56019215199
385 3 3 185 75 2.91893796493 -6.38343866715
386 3 1 185 85 3.83505577594 2.08148854165
387 2 2 185 95 5.75357338588 0.0896222926215
388 2 3 185 105 -7.12308471854 -7.78689439497
389 2 5 185 115 -0.493165135635 -2.41486912311
390 2 2 185 125 -8.05971347748 -3.33078934216
391 3 5 185 135 2.26503569315 4.7797144502
392 1 3 185 145 -5.2504665301 -3.965263598
393 1 4 185 155 7.95246384868 -3.13120404824
394 3 4 185 165 -3.60058941427 2.45502065358
395 2 1 185 175 3.81267182598 -1.48001987166
396 3 4 185 185 -1.82820892373 -8.53408815171
397 2 1 185 195 -1.47535669623 5.35514066665
398 3 5 185 205 -4.1574590488 -8.16025326595
399 3 3 195 5 -9.74444424926 -5.81798661186
400 3 2 195 15 -2.69611686398 -4.05223576195
401 2 1 195 25 1.11861790112 2.03894500132
402 3 5 195 35 3.01434832775 -6.0445892555
403 2 2 195 45 4.2420314887 7.00252311767
404 2 1 195 55 2.60665966019 -5.45059709311
405 3 1 195 65 3.30867739281 -2.32814657445
406 2 3 195 75 -9.84206708072 -9.57389130582
407 2 4 195 85 5.14933577618 4.67521368004
408 1 3 195 95 -2.91943073111 4.98446027181
409 2 4 195 105 9.87832493168 5.06894882396
410 3 5 195 115 4.37384767555 -5.6399133732
411 2 2 195 125 -5.57532590642 1.2284225823
412 1 3 195 135 -2.48560801491 4.8340836602
413 3 4 195 145 -9.00115992529 -0.0022490092739
414 1 2 195 155 -2.15998210711 6.39772745588
415 1 3 195 165 -4.01961286886 -2.43461975713
416 1 1 195 175 -2.08959971939 6.1561505696
417 1 4 195 185 -4.65500945469 -4.58943135621
418 2 1 195 195 -4.92985395139 -4.55473829953
419 2 5 195 205 7.63992882907 -5.62557433678
420 3 2 205 5 5.06732492608 -1.97507280993
421 3 2 205 15 2.65022591291 -1.34642254369
422 2 1 205 25 -7.68368789898 -5.49381534599
423 1 5 205 35 4.37634519908 -4.91983665401
424 1 2 205 45 4.56776098716 -8.95220805633
425 1 2 205 55 -4.89175062984 6.18065850897
426 3 1 205 65 2.50978195415 -7.90642866998
427 2 4 205 75 1.59931065689 -6.5989968446
428 1 2 205 85 0.747647854253 8.51741338714
429 1 3 205 95 -6.37103216354 6.11849192421
430 1 3 205 105 -2.19490826722 8.11158347987
431 2 2 205 115 -5.72470988453 -0.532771581753
432 1 5 205 125 8.4472439216 -4.49393606436
433 2 4 205 135 8.15416047409 0.241996754726
434 1 4 205 145 -1.43279978039 3.74114872676
435 3 2 205 155 -6.55954187103 -5.09379829462
436 2 4 205 165 9.77067879551 3.56355240262
437 3 1 205 175 -9.05227811796 -4.97557131039
438 2 2 205 185 8.83701275614 -6.34038009043
439 2 3 205 195 -0.844184694889 5.05302405819
440 1 4 205 205 -5.64457088007 -5.0848486734
