420 420 1764
0.001 1 1
0 3 5 5 5 8.53156344182 9.75275856904
1 2 3 5 15 5.04641353345 9.29078945128
2 3 1 5 25 -3.65133859234 3.38753697582
3 3 4 5 35 -7.10894545235 9.74938681912
4 2 1 5 45 5.04883108622 -6.6264499497
5 1 1 5 55 -4.48501284987 1.21705842876
6 2 1 5 65 1.92571559471 -5.69521245978
7 2 1 5 75 -5.27923604536 -3.87698466017
8 1 5 5 85 -6.10430382325 -3.36551530259
9 2 2 5 95 8.66698388632 4.6448361915
10 2 1 5 105 7.39573069433 -0.450564213412
11 3 3 5 115 6.15633845006 4.35314493952
12 3 2 5 125 4.5583740449 -0.352572151256
13 1 1 5 135 -7.56275943634 -2.50124123405
14 1 1 5 145 9.5714336093 4.4806051106
15 3 5 5 155 -1.86752014623 -1.87201730501
16 3 2 5 165 0.559213948543 -1.52875760294
17 2 3 5 175 -4.07964354835 -5.79513635074
18 1 3 5 185 -8.33605461848 -4.90328330031
19 1 4 5 195 9.30874483379 1.57980128077
20 1 3 5 205 1.80391037873 -3.15496848036
21 2 4 5 215 -4.83751589938 -0.488363338423
22 2 2 5 225 -0.0782583898893 -5.06641706539
23 3 1 5 235 9.57396790574 -5.22443010864
24 3 1 5 245 -9.35728352865 -5.68316007087
25 2 1 5 255 -6.40143068303 4.95752321535
26 3 3 5 265 2.91439743665 -9.4931786529
27 2 2 5 275 -6.28704297313 -1.75933280868
28 3 5 5 285 -0.15747614958 4.3169067315
29 3 5 5 295 -2.70586900166 -7.45832760955
30 3 5 5 305 -9.30107537767 -0.46887949055
31 1 5 5 315 5.65830522649 0.211798173419
32 3 4 5 325 -5.65288587987 3.48428839354
33 2 4 5 335 -0.331231466357 3.45620017491
34 1 5 5 345 -9.6614627218 -4.29451863424
35 2 4 5 355 -5.34321340297 -5.3219412524
36 1 5 5 365 -0.316059908035 6.07442808043
37 3 1 5 375 -6.18597805995 -6.23128966472
38 3 4 5 385 -1.14878384575 4.88254854832
39 3 1 5 395 -5.04202559092 4.11886232722
40 1 2 5 405 -4.55022850965 -9.76903341896
41 2 2 5 415 3.92077864041 -4.81298496001
42 1 4 15 5 0.013406259601 7.67920020473
43 1 5 15 15 -1.69881783317 -1.69716017479
44 1 5 15 25 -2.8236509836 4.62209802905
45 3 5 15 35 9.2368807886 0.209701010724
46 1 4 15 45 -7.90889801357 -6.62764735278
47 1 5 15 55 0.0498346141746 -5.56709827495
48 2 5 15 65 5.22228181242 -8.02047856841
49 3 3 15 75 -9.89676436801 -1.12226042633
50 1 2 15 85 3.94262028574 -0.915636727275
51 1 2 15 95 6.47492644599 0.311068192204
52 2 4 15 105 -0.760471864425 4.26540345113
53 3 2 15 115 -2.19725018333 -6.84984366559
54 2 3 15 125 -3.79660477161 -6.66484154432
55 2 4 15 135 -2.44919980156 1.43196930873
56 1 1 15 145 -7.8475436068 4.77326549418
57 2 2 15 155 0.0885456466479 -7.22414094603
58 2 1 15 165 4.30157997596 9.47535119587
59 2 1 15 175 1.12644601066 -3.43846268612
60 3 5 15 185 2.58148012004 -4.35437157827
61 1 5 15 195 0.453480897577 -6.056489871
62 2 4 15 205 7.43747176339 7.7623521277
63 1 1 15 215 -5.70725880048 5.28182982705
64 1 2 15 225 7.07393970305 3.94922410844
65 1 5 15 235 -6.93961465475 -0.445608052961
66 3 3 15 245 -0.10526133535 3.0352684408
67 2 4 15 255 -5.06221243174 5.08051128796
68 3 3 15 265 -1.47309353596 -5.30116578682
69 3 4 15 275 -3.12769266045 -9.30736819075
70 2 1 15 285 4.70880405252 0.519904969275
71 3 2 15 295 -1.38073741497 -4.42277316773
72 3 5 15 305 1.50098427247 7.91443176619
73 2 3 15 315 -0.182819310758 8.19256957213
74 1 2 15 325 -0.366637797989 5.1897399903
75 3 1 15 335 -5.03855964164 -8.41383630759
76 1 5 15 345 -9.16248360321 2.45381490809
77 2 3 15 355 2.51868460268 3.03434894461
78 2 4 15 365 -1.71699315745 8.20737002607
79 2 4 15 375 5.33239706552 -3.56049461881
80 1 4 15 385 2.84324071962 8.94332531838
81 2 5 15 395 3.01091108902 7.65734680216
82 1 2 15 405 5.25944308989 -5.06752297836
83 2 1 15 415 -9.59709850801 -7.31986994641
84 3 5 25 5 -9.27080428842 4.90206254439
85 3 1 25 15 9.34974657256 7.99372985569
86 2 3 25 25 2.71357398709 -0.653774901021
87 1 1 25 35 -9.12131283419 1.41801217345
88 3 5 25 45 -1.61949621852 -1.37908899365
89 3 1 25 55 -5.77928495291 9.00621579884
90 3 3 25 65 -4.22396688684 3.39491293488
91 2 3 25 75 -0.0546678675639 0.950542077461
92 3 4 25 85 5.79187323028 2.5729426101
93 2 2 25 95 -8.49046863895 -4.93946449349
94 2 2 25 105 -0.567369771018 -1.27073261204
95 3 3 25 115 -1.14757000303 9.86261563369
96 1 1 25 125 -7.7055335874 -5.25327055783
97 2 2 25 135 -5.3136004223 1.94610092448
98 1 4 25 145 2.248186804 -1.70548160834
99 2 5 25 155 -3.27716026378 -1.86066939566
100 3 4 25 165 2.51445728132 7.05008085536
101 3 1 25 175 9.41319869134 6.6602978869
102 2 2 25 185 -4.42329439448 1.2557487302
103 2 5 25 195 -3.35289701387 -7.60038080202
104 2 3 25 205 1.92636410843 3.42527739968
105 3 1 25 215 0.265773415169 -0.857743997819
106 1 5 25 225 -9.9854540697 6.50236591046
107 3 5 25 235 0.0889533973179 6.38825638019
108 1 4 25 245 -6.91760137117 -3.23788248304
109 3 1 25 255 -8.02364703877 6.86477849878
110 1 3 25 265 -4.11395353497 -1.56118113867
111 1 3 25 275 -1.18516798014 -9.6308272316
112 3 4 25 285 -7.77095437397 8.94477223277
113 3 3 25 295 -5.29035264493 2.2876042435
114 3 2 25 305 0.831449980819 -0.22551443125
115 1 4 25 315 -7.16575592732 -5.25674829861
116 2 5 25 325 0.53995695483 -0.360345409313
117 2 1 25 335 6.36977390138 -4.75985061855
118 2 5 25 345 4.20859590808 -8.06341243285
119 3 4 25 355 -5.90679721631 -8.82728290748
120 1 3 25 365 -8.94651480596 -7.52500850173
121 1 2 25 375 1.7729211438 -9.9917951756
122 2 5 25 385 1.74505413068 -6.01661495116
123 3 3 25 395 0.833731184039 4.21861179271
124 2 4 25 405 0.943289742776 8.52297710454
125 2 3 25 415 3.60446868476 -7.46716098117
126 2 3 35 5 -3.85595738016 6.18199318407
127 2 4 35 15 -4.93647961021 4.27437940641
128 1 1 35 25 -2.13111645412 5.01952589166
129 1 4 35 35 3.64812859847 5.43595925178
130 2 2 35 45 8.05370719322 9.05448387468
131 3 5 35 55 7.68589373273 -7.67939143873
132 1 2 35 65 -6.58113775196 -6.87227335659
133 2 5 35 75 3.3921918618 -5.52955315979
134 3 2 35 85 -3.40310338248 -0.483757518311
135 3 1 35 95 2.36149438367 -8.42559442348
136 2 2 35 105 6.87329457298 -0.743926376062
137 3 4 35 115 -4.03823210525 9.79399577175
138 2 4 35 125 5.4092780486 -8.06855897848
139 3 1 35 135 -2.30796073807 1.22461280658
140 3 5 35 145 -9.64794062923 -2.47519917194
141 2 1 35 155 -8.06425609884 -3.47655932564
142 3 4 35 165 2.20744710268 0.435664251731
143 3 1 35 175 6.52066251983 9.2415824532
144 1 4 35 185 1.62644816589 1.28143681366
145 1 3 35 195 -2.45059015826 -6.72439145783
146 2 4 35 205 4.38307154794 -7.87920132026
147 2 1 35 215 3.22029294481 -1.09651813444
148 2 5 35 225 -6.6355711982 0.392129430803
149 3 1 35 235 3.19098420181 -7.67595312494
150 2 4 35 245 -5.27526349378 7.91050482989
151 2 3 35 255 1.41050261458 0.615116643214
152 1 3 35 265 -7.71289936303 3.05470499526
153 1 4 35 275 1.69478392859 -3.1350383608
154 3 4 35 285 -5.42141184046 -5.64450402493
155 2 2 35 295 -5.27261206197 8.41112117608
156 3 5 35 305 7.91150627557 -8.06206476914
157 2 2 35 315 6.50013249585 -3.1145150711
158 3 2 35 325 2.61282157824 7.39427543049
159 2 2 35 335 -6.53730123628 7.18600755678
160 2 3 35 345 9.13588504401 1.21217966872
161 1 4 35 355 3.8966961105 -7.62638229167
162 3 5 35 365 8.69151648426 -1.64566513564
163 3 2 35 375 -2.57425493125 -7.24037741411
164 3 5 35 385 -8.91875987544 4.37873455212
165 2 2 35 395 -0.930679802311 -4.39246518142
166 3 5 35 405 0.274801130805 8.94617924972
167 3 1 35 415 -9.8004626955 -3.42106976782
168 1 4 45 5 9.80961087709 3.47502301793
169 3 3 45 15 4.59101276471 -6.1030602653
170 3 5 45 25 -2.11435130014 6.31494711672
171 3 3 45 35 0.676753229293 7.86011321845
172 1 1 45 45 -2.36440841254 -9.25621860694
173 1 1 45 55 -5.94284968336 -3.05932310935
174 1 3 45 65 -0.585630963978 0.962146118275
175 3 4 45 75 -6.37489672526 -0.50247853648
176 1 5 45 85 1.76479324764 -3.91846910173
177 1 1 45 95 -1.03172627357 4.34806731436
178 3 4 45 105 2.33246447069 -7.34342437895
179 1 5 45 115 3.09054253684 -0.754413811918
180 2 4 45 125 -6.1506765791 -9.76843275132
181 1 2 45 135 -7.68507868271 -5.6462053635
182 3 3 45 145 3.7195692019 2.07152567498
183 3 1 45 155 -1.45855310705 -0.699645640111
184 1 5 45 165 -2.34203580805 1.0666006807
185 1 4 45 175 2.27099217654 8.63034464963
186 2 4 45 185 2.87259807452 -2.80179973344
187 1 4 45 195 6.99749063711 0.649810201999
188 3 1 45 205 -2.73127762638 4.29337038774
189 3 1 45 215 4.49158867565 -3.75466152829
190 1 1 45 225 -1.06418470096 8.99302382066
191 2 2 45 235 -8.10935658101 1.13601278003
192 1 1 45 245 -1.91162829148 -2.34640565198
193 1 5 45 255 1.01330069134 -2.54646525372
194 2 4 45 265 -8.92187800662 -5.72352384642
195 3 2 45 275 8.0441770019 8.98767546823
196 2 2 45 285 2.17007970378 -8.84927315537
197 2 3 45 295 -0.262464859041 -3.00659972851
198 3 4 45 305 6.20480365189 -0.847468640842
199 3 5 45 315 -8.11704916706 4.4880914491
200 2 2 45 325 6.54271320578 0.42830480501
201 1 1 45 335 -6.22767050363 2.96751763785
202 1 1 45 345 0.0528307589272 -7.41816535598
203 2 1 45 355 0.160570093076 -4.89451110263
204 2 5 45 365 -6.21540008006 -2.94830227503
205 2 1 45 375 -7.43319556985 0.498787870395
206 2 2 45 385 -6.51883592478 -3.12023411249
207 1 5 45 395 -2.04702908549 -9.29060469414
208 2 5 45 405 3.20905904672 6.08826244088
209 1 1 45 415 -5.90466236995 -9.1491278529
210 1 4 55 5 -3.89748965709 -6.75839242069
211 2 1 55 15 0.274799031682 -5.54455760631
212 1 1 55 25 1.99937408908 4.46768238889
213 2 3 55 35 3.48395108249 7.5474253484
214 2 3 55 45 -1.54625813896 4.83907361132
215 2 2 55 55 5.73665968119 -5.53741669826
216 2 5 55 65 -3.63799458304 2.78972209009
217 3 5 55 75 -7.58868671086 8.17352487309
218 3 2 55 85 0.305045855572 8.70666215443
219 1 2 55 95 -4.72108484993 -5.7496835491
220 2 1 55 105 -5.66032237914 -4.21272976374
221 3 3 55 115 -7.59783755909 9.39512141926
222 3 5 55 125 7.84775204697 8.77739931377
223 1 2 55 135 -8.86014904597 -3.61823186904
224 3 5 55 145 -6.01394141115 6.27223498326
225 3 2 55 155 -7.77507004217 7.88372984549
226 3 3 55 165 -6.13142899647 8.35264445977
227 2 5 55 175 4.46366698951 5.40507476673
228 1 3 55 185 3.59011691728 -5.90836954338
229 3 5 55 195 2.25542472609 4.34256001406
230 2 4 55 205 -8.21882216433 8.55915075838
231 2 2 55 215 9.27952826541 3.03446458619
232 2 3 55 225 -6.64387945729 -6.16092199846
233 2 4 55 235 4.23496929853 -8.00955202141
234 1 4 55 245 3.40904382057 -8.93475182616
235 1 4 55 255 0.917772754457 -6.97166030966
236 2 4 55 265 4.75267059626 -3.68069662206
237 2 1 55 275 5.3056505003 -5.59201243521
238 1 4 55 285 5.69146183407 -7.66303137023
239 3 2 55 295 -6.41089332241 6.88678496943
240 3 2 55 305 3.95423999515 2.91035344848
241 3 3 55 315 -5.37441393322 -1.19664153372
242 1 3 55 325 -1.47355259071 -7.03889050458
243 3 4 55 335 3.9629606304 -8.94488149798
244 2 3 55 345 -9.84735345813 -2.84716807361
245 1 3 55 355 4.14371506133 -4.79500158746
246 1 1 55 365 9.22806208495 8.99913888071
247 1 4 55 375 1.27683853287 8.54041976834
248 1 1 55 385 8.27884886523 6.21077135187
249 2 2 55 395 2.58451268795 3.35860985749
250 3 4 55 405 -1.21738150426 -1.31450392227
251 3 2 55 415 -0.0422380304988 9.12499135528
252 2 1 65 5 4.98124547108 5.13590515332
253 2 1 65 15 -7.78561523636 9.35351568933
254 1 4 65 25 -3.78151412303 -7.39913202012
255 3 3 65 35 -9.156221392 4.26232959536
256 3 5 65 45 8.31007112832 -7.06335919759
257 3 5 65 55 0.454382741728 0.722471543248
258 1 3 65 65 6.55878926042 0.428813091171
259 3 5 65 75 -4.27971408127 -7.39732944855
260 3 5 65 85 -0.335350396666 5.95795259937
261 1 1 65 95 3.2100595242 -3.70455788657
262 2 4 65 105 0.787212975528 9.1563724668
263 3 3 65 115 -0.951434593336 -6.55165111802
264 2 2 65 125 -5.03172583676 -2.29573258564
265 1 2 65 135 -3.55778727993 -6.25871092729
266 2 1 65 145 -7.06757201896 7.35547899186
267 1 2 65 155 3.51435798291 4.66831767518
268 3 4 65 165 -3.76089578137 8.64342902025
269 2 3 65 175 5.34161792695 7.78390924021
270 1 5 65 185 -4.99831005899 -6.87615136203
271 2 5 65 195 4.49433110681 6.18085993855
272 3 2 65 205 -3.00388073441 2.96511237735
273 1 1 65 215 6.65676843828 -9.25636800789
274 3 4 65 225 -1.72970281063 6.9951559376
275 2 1 65 235 9.97051202238 7.44759827818
276 1 3 65 245 -3.22754520439 0.98756708342
277 3 3 65 255 1.2484709339 2.89318826149
278 1 3 65 265 6.58386478544 -8.94516518584
279 2 4 65 275 7.99148334203 -4.49220827094
280 2 2 65 285 4.06193133192 -8.39376134603
281 1 4 65 295 -1.56948969796 1.26646501111
282 1 5 65 305 -8.94673700759 -4.00171241073
283 3 1 65 315 -2.80509391271 6.40417551675
284 1 2 65 325 2.03961331471 7.65116858567
285 3 1 65 335 -2.7610515046 -9.21046292603
286 3 3 65 345 0.72877947662 6.60035050534
287 3 4 65 355 6.59718069777 -2.7686534965
288 2 2 65 365 -5.73139616943 6.72448470656
289 1 3 65 375 -5.33821013071 4.83213648646
290 2 2 65 385 -2.22072548188 -4.36356497366
291 1 5 65 395 -1.72566214616 1.5042331726
292 3 4 65 405 5.49803879585 -6.03851078858
293 2 1 65 415 6.36559074474 -3.79295500132
294 1 4 75 5 9.83863992934 7.41197471189
295 2 4 75 15 -9.5437845645 -0.328295394366
296 1 5 75 25 -3.28898546056 -8.59078987376
297 1 5 75 35 2.84580669449 -8.35126979046
298 1 4 75 45 2.53206992394 4.24115655909
299 1 1 75 55 8.52706622735 -4.40634596364
300 2 3 75 65 -5.8418386375 -0.462327597205
301 1 2 75 75 -0.363310983394 4.15805366895
302 1 4 75 85 -2.1688285519 7.09417714818
303 2 2 75 95 -9.38081160638 -2.796905894
304 3 5 75 105 1.83022081298 3.99166416723
305 2 4 75 115 -8.9965595428 7.5309148203
306 3 3 75 125 6.58140374855 -0.723074192073
307 3 3 75 135 -4.30282018734 -4.08607607587
308 1 3 75 145 -6.49296133 -0.229465954678
309 3 4 75 155 5.61288515643 -5.71928153882
310 1 5 75 165 -3.27019796852 1.39055228217
311 1 4 75 175 -8.6352703592 -6.199340973
312 3 5 75 185 -8.78349911346 -1.30234669427
313 2 2 75 195 -5.20064264293 -6.9133947268
314 3 2 75 205 -2.10731656179 0.45053717913
315 3 5 75 215 2.86693881528 -1.20745350277
316 2 1 75 225 -1.34713894572 2.41968185992
317 1 4 75 235 8.01474811194 -7.23826865112
318 2 5 75 245 -9.94807400694 -5.94790930941
319 3 2 75 255 7.10507057611 3.24763841201
320 2 1 75 265 -3.31929103038 -3.16655567492
321 3 5 75 275 6.80254745153 1.35056440606
322 1 5 75 285 1.33000909637 -7.14236296056
323 2 1 75 295 -2.55395412958 -1.11290625541
324 3 2 75 305 8.20962106919 -3.18848417408
325 1 2 75 315 0.177478262868 -0.28930281179
326 3 5 75 325 2.64701090356 4.90833635656
327 2 3 75 335 -0.90602795169 6.64182009532
328 3 2 75 345 6.77015158631 9.14798243099
329 1 2 75 355 1.24324249224 3.75771656803
330 1 3 75 365 8.53549984336 3.69792173569
331 2 2 75 375 5.93487988849 7.18341027146
332 2 2 75 385 8.73931491448 -0.192991278383
333 2 5 75 395 -3.95904252874 0.0834059519866
334 2 2 75 405 8.73265112084 0.433357544116
335 2 4 75 415 1.28088488727 -5.21605891937
336 1 5 85 5 1.47140136076 3.11387609709
337 3 5 85 15 -4.99262371813 -2.44962197725
338 2 2 85 25 -5.18245600875 0.816019982316
339 2 1 85 35 -5.11955554206 1.02232985567
340 1 2 85 45 -6.5987823598 5.08122431432
341 2 1 85 55 -0.078091400894 -4.50245829322
342 3 3 85 65 -9.22892629702 -9.0595899163
343 1 4 85 75 -5.16403623158 -5.89232633724
344 2 1 85 85 4.38031214709 8.25468962166
345 1 5 85 95 -8.69399085423 2.11961638204
346 1 2 85 105 -5.07390681845 0.0175123335454
347 1 5 85 115 6.66534937085 -6.90641371524
348 2 5 85 125 1.1551180371 4.58922748748
349 3 5 85 135 -7.10397186995 -2.89738702184
350 1 1 85 145 5.67407580552 -0.909780673827
351 2 1 85 155 -6.82212205747 3.21424374463
352 3 2 85 165 -4.54168227712 -5.49841753387
353 3 1 85 175 5.78634652521 1.83900810026
354 2 5 85 185 7.83589972418 8.23499241364
355 1 1 85 195 9.61251753299 3.20849702884
356 3 1 85 205 8.11420564435 8.03508330421
357 2 5 85 215 6.51932039754 -5.69894727644
358 3 3 85 225 5.33364485545 1.27587745598
359 2 3 85 235 -4.80707297782 4.54966457146
360 3 1 85 245 -5.51992071273 3.60255872252
361 3 1 85 255 -2.81980462528 -4.49886231358
362 1 2 85 265 -7.09563153584 4.40443318286
363 2 4 85 275 -0.350873067859 2.67630424494
364 1 4 85 285 -0.578873016151 1.29822259287
365 3 5 85 295 -2.45977488224 5.2471037968
366 2 3 85 305 3.8148189072 -3.87344732229
367 1 1 85 315 1.01668812729 8.05523599696
368 3 5 85 325 3.24514555776 -9.88846091493
369 2 4 85 335 3.39043957012 -7.09247901753
370 1 4 85 345 6.92397484936 9.42010771203
371 3 4 85 355 5.20139028751 -5.267908145
372 2 3 85 365 -8.38092553013 7.54633655729
373 2 3 85 375 3.72071410406 0.489137048513
374 3 3 85 385 7.79517944096 -0.278905317144
375 3 4 85 395 6.78035398221 1.97904119989
376 3 4 85 405 -5.36602078423 5.42682509702
377 2 1 85 415 9.64824646496 6.72490389628
378 3 3 95 5 -0.755127977553 8.64296770461
379 2 1 95 15 -0.0933737021824 4.52944130113
380 2 4 95 25 -6.92333973943 -8.33597606364
381 3 2 95 35 -7.37564424824 -3.88144551146
382 3 5 95 45 -2.22176926069 1.12455324707
383 1 5 95 55 1.33984381352 -0.990930694769
384 3 5 95 65 4.41596380735 -9.43238660302
385 1 5 95 75 -1.76221132886 6.72327057255
386 3 4 95 85 0.147990196976 -2.68236169056
387 3 3 95 95 8.69339202854 -1.58115134389
388 2 1 95 105 2.24097873288 1.18744575862
389 3 4 95 115 1.92815204274 -2.24173393532
390 1 3 95 125 -7.90678442416 2.43793914528
391 1 2 95 135 -9.80614627065 -1.01064000797
392 2 4 95 145 -6.0813044612 9.08747501358
393 3 1 95 155 -2.69753759569 -2.01394827433
394 2 4 95 165 -3.65890831485 8.90885227885
395 1 1 95 175 8.832122147 -2.11190681702
396 3 1 95 185 9.77672188301 8.78487692013
397 3 4 95 195 -0.522497680759 -9.48239442958
398 2 3 95 205 7.38124150674 1.59189899435
399 3 3 95 215 3.98251407658 -4.42963751425
400 1 5 95 225 -2.17864540602 2.5575663492
401 3 4 95 235 1.95559089331 2.91190440796
402 2 4 95 245 7.4382357979 -8.6311349931
403 2 2 95 255 -6.69376419993 1.79357611017
404 1 2 95 265 -6.1959731827 -7.56144616244
405 1 2 95 275 -4.43524925027 3.69576318862
406 2 3 95 285 4.31940894325 -5.32471078939
407 2 1 95 295 5.97496824047 1.71441160241
408 2 4 95 305 3.96077439356 8.17497387164
409 1 5 95 315 -7.81166405753 -9.81511830665
410 3 1 95 325 -4.43405068537 0.461894573492
411 3 3 95 335 -3.52486712628 7.56338454628
412 3 2 95 345 2.94545121134 9.72317878559
413 3 1 95 355 -9.03896061311 0.230832097488
414 2 4 95 365 4.02512311974 -4.58124636371
415 1 4 95 375 6.40884717059 -8.36403272198
416 2 2 95 385 -0.608472546048 6.03459177074
417 3 5 95 395 0.0696407897998 -9.48601618892
418 1 5 95 405 -5.45758085892 3.83438500249
419 3 1 95 415 -2.92062535757 9.98748321871
420 2 2 105 5 0.311121301961 1.79173269174
421 2 5 105 15 -6.05013662428 5.19987526908
422 3 5 105 25 -4.96693158855 -3.73237315467
423 2 5 105 35 -6.97854982373 -0.908208595108
424 1 4 105 45 -0.245392288888 -3.41560158313
425 3 4 105 55 4.66922413099 -9.0929755559
426 2 3 105 65 -1.34205502184 -9.9009003518
427 3 3 105 75 -7.42052055601 -6.88296732288
428 1 5 105 85 -1.49938186651 5.77895711529
429 3 5 105 95 -5.07627549827 0.439071960952
430 1 4 105 105 1.66424752732 4.52986307236
431 1 2 105 115 7.20137690855 -4.47947559748
432 1 5 105 125 1.38059886337 9.04525197029
433 2 3 105 135 -4.52843471206 5.766216769
434 2 3 105 145 -8.95232826905 -7.95734976934
435 1 5 105 155 -6.17224032621 6.32244957635
436 1 1 105 165 6.31928034088 -7.59551326815
437 1 5 105 175 -2.48663486167 7.20069362179
438 2 3 105 185 6.359301439 7.15428335628
439 3 3 105 195 -4.48271613682 4.35396877458
440 2 5 105 205 3.11829483375 1.96647114765
441 2 1 105 215 3.92725425274 -0.929902436531
442 3 3 105 225 -3.15179766381 3.45457682561
443 2 2 105 235 8.89416433806 1.95042620674
444 3 3 105 245 -4.80498816615 -6.47137705143
445 1 1 105 255 8.03571775157 4.99090189057
446 3 2 105 265 3.82305624427 -7.10654076131
447 2 3 105 275 9.965961091 1.29012218828
448 3 2 105 285 5.40501032003 -3.03352519625
449 2 5 105 295 -5.60144680195 -0.321747274488
450 3 2 105 305 0.667166172359 7.73847171099
451 2 5 105 315 -5.41757377561 -8.54543549793
452 3 4 105 325 1.02642247425 -4.76093849382
453 3 1 105 335 -4.72670720907 5.65434135444
454 2 1 105 345 3.07523587345 -9.53393339019
455 3 4 105 355 0.0608172379998 7.19003794296
456 3 4 105 365 0.78377206926 -0.525429265954
457 3 4 105 375 7.08624235678 -2.10831419226
458 2 2 105 385 8.99458689641 -3.65839590707
459 2 4 105 395 5.37492757049 -6.34873594273
460 3 1 105 405 -3.9747715432 9.39504427304
461 2 5 105 415 -2.61697661771 0.320840341561
462 1 5 115 5 5.22610516586 0.509941764221
463 1 5 115 15 -5.85812358388 -0.242983169135
464 3 1 115 25 -7.22284197048 -4.40863232008
465 2 3 115 35 -0.954987552613 3.7284625042
466 2 2 115 45 -1.72823353575 -3.47342370062
467 1 3 115 55 8.39084945089 3.74273043765
468 2 2 115 65 6.85156191053 -3.87628796466
469 2 4 115 75 3.09119762574 -5.31792404082
470 3 3 115 85 3.52934918218 4.07898024706
471 1 2 115 95 0.315098560794 -5.76152407394
472 1 1 115 105 -0.435165417659 3.50357795743
473 3 5 115 115 -4.35341418036 -4.62807528813
474 1 5 115 125 3.2211147344 -1.95685310677
475 2 3 115 135 -1.64519461691 3.09916306207
476 2 2 115 145 -4.95639490798 6.34937627491
477 2 2 115 155 5.71063021992 -0.256556306025
478 3 4 115 165 -5.33775807067 -9.04194101436
479 2 4 115 175 2.66659148225 -1.12792108185
480 1 5 115 185 -3.43061137058 0.955175697454
481 3 1 115 195 9.68932507071 4.67027267867
482 3 1 115 205 -2.84115899569 4.33374544682
483 3 3 115 215 -5.50862203802 1.27655568634
484 3 1 115 225 -9.07113993028 -8.88902902054
485 1 5 115 235 4.03217624772 3.34320941779
486 3 4 115 245 2.09666210453 5.70610645893
487 2 2 115 255 -3.09845340014 9.66262168869
488 1 1 115 265 -9.71114693298 2.73243579277
489 3 4 115 275 -9.23941680486 -0.457844878647
490 1 3 115 285 -7.91647236608 3.51627180713
491 1 1 115 295 -1.38683427594 -9.6885038732
492 2 5 115 305 -5.29254544519 5.39141184715
493 3 5 115 315 1.01255370713 7.86165161806
494 2 3 115 325 -7.74269940737 8.17325464857
495 2 2 115 335 9.97971046983 0.758579803478
496 2 1 115 345 0.348074491766 2.15372151308
497 3 1 115 355 -4.97412347103 5.58008721142
498 1 5 115 365 -5.49377219716 9.37300322269
499 3 3 115 375 1.88947275611 -7.64456158872
500 3 5 115 385 2.08316313852 2.95458438489
501 1 4 115 395 4.7889203729 -9.2398447687
502 2 1 115 405 -2.23698007079 6.05524198013
503 1 1 115 415 -4.47423085776 4.69795334145
504 1 1 125 5 7.84936967618 0.600687446675
505 1 5 125 15 9.31235983179 -9.53261861698
506 2 3 125 25 -2.08747369145 9.21038147869
507 3 4 125 35 5.59180315248 -0.694534222171
508 1 3 125 45 -1.14908297605 6.81100786724
509 2 5 125 55 9.26963391221 -1.94522254476
510 2 4 125 65 5.34497218793 -6.70273211382
511 1 4 125 75 -0.185767376781 -1.67243206731
512 1 2 125 85 -2.26211719647 0.966282814708
513 3 1 125 95 8.30002159018 -5.98276664377
514 1 1 125 105 -8.08026792021 6.53056068071
515 2 5 125 115 2.64306218363 2.47178034491
516 1 5 125 125 0.379771899091 -3.46127856387
517 2 3 125 135 3.38210392286 5.01251881713
518 2 5 125 145 -7.77644047623 3.31390639138
519 2 5 125 155 -8.93122657396 -2.77328981753
520 1 2 125 165 8.73188514947 -4.1288723248
521 2 2 125 175 4.27552804478 -3.57521148196
522 3 1 125 185 9.96755163067 -3.60971677515
523 1 4 125 195 3.57489994091 5.39016227494
524 1 1 125 205 -7.85033429678 -2.97407506305
525 2 3 125 215 7.86507679068 -8.04999004965
526 2 1 125 225 1.50853944959 -4.76127634555
527 1 1 125 235 -7.33071425265 -3.78258531856
528 2 5 125 245 -1.26922517054 -9.30407936444
529 3 3 125 255 8.63140347586 -9.77764284076
530 3 5 125 265 5.69460751681 8.57531348401
531 1 2 125 275 4.89732288121 7.55139909375
532 2 3 125 285 3.43748241403 -3.10224925994
533 3 5 125 295 -0.343832617965 -6.03823403148
534 2 1 125 305 4.48255954739 -3.02158689992
535 3 2 125 315 -4.16142728552 6.3280330141
536 1 1 125 325 -7.75133137392 7.5167039481
537 3 2 125 335 4.18325448622 -9.92150007691
538 3 4 125 345 -4.58389043376 7.78009299023
539 1 5 125 355 -6.80051695274 -4.91174499188
540 3 3 125 365 6.95744835128 3.38344312401
541 2 3 125 375 -9.23003801045 4.83695651669
542 1 3 125 385 -0.105368868454 -1.91593337625
543 1 1 125 395 -3.1708937437 -2.19597222784
544 3 3 125 405 -2.84794795342 5.85762802074
545 2 3 125 415 6.3885434764 7.59851128184
546 2 4 135 5 6.19504859897 8.66926604936
547 3 3 135 15 0.549505558912 -7.84663442224
548 3 2 135 25 -9.52796605986 3.38551466485
549 3 5 135 35 -6.36611364266 4.77813968841
550 3 1 135 45 -1.48312530503 -5.6032833373
551 1 2 135 55 3.40163789885 -5.11274775835
552 1 5 135 65 9.05194841411 5.95187070456
553 2 1 135 75 9.43916484408 -7.49037614477
554 1 4 135 85 -7.7170079759 -1.3629946486
555 3 5 135 95 6.34293932711 -1.39025794407
556 3 1 135 105 8.66802089193 8.12107086484
557 3 4 135 115 7.54291618031 -8.73526279931
558 1 4 135 125 -6.7197616602 -9.5413121967
559 3 5 135 135 5.54301213957 3.93752417792
560 1 5 135 145 -0.327276547 9.34286315808
561 2 5 135 155 -8.82256257858 6.49360575287
562 1 4 135 165 -9.56553505122 -8.45676411597
563 1 3 135 175 7.67705471714 -7.24276539786
564 3 4 135 185 0.596525628975 2.86832462181
565 3 5 135 195 7.89503887711 6.57599765066
566 1 3 135 205 -1.6596825209 7.9439431701
567 3 3 135 215 -8.12505465188 -5.32021921809
568 1 4 135 225 -4.52278635277 9.56258218198
569 3 1 135 235 2.74675507735 9.22914406184
570 1 3 135 245 3.01881457833 -0.298795218442
571 3 5 135 255 2.06089963429 1.41475417751
572 1 4 135 265 0.348902461697 4.25264179502
573 3 1 135 275 6.21572850763 8.47221031574
574 2 3 135 285 -9.20600274182 7.76923918181
575 3 2 135 295 0.600044375678 -8.27739057831
576 1 2 135 305 -7.8102290999 6.3192564291
577 3 3 135 315 9.21555753407 9.45407452119
578 2 1 135 325 -6.34475610134 -4.93928398554
579 1 5 135 335 -8.5466401198 4.79733217854
580 2 3 135 345 -4.60245185788 4.62153315726
581 1 1 135 355 -8.28175627715 -5.98685688653
582 1 1 135 365 3.53043806968 -3.52388301253
583 3 1 135 375 -4.36421962207 6.96233811471
584 3 4 135 385 -9.06601438481 -5.69239203594
585 3 1 135 395 2.43414904249 -8.71674884956
586 1 3 135 405 9.58852762309 7.1358333021
587 2 1 135 415 -6.96461164445 0.682328727673
588 2 3 145 5 -5.55593059728 -1.09412977223
589 1 4 145 15 -6.85465907116 8.81603284758
590 2 3 145 25 -1.03684410587 -3.53635263583
591 3 2 145 35 -7.64105040593 -3.48175471765
592 2 1 145 45 1.18473721253 7.74179798121
593 2 4 145 55 -7.50729518836 3.77826805335
594 3 1 145 65 -6.66469282374 8.50382373474
595 2 4 145 75 -3.0966378903 2.92034573722
596 1 2 145 85 -3.8774695205 8.11325429964
597 1 5 145 95 2.10461025185 -3.68092100939
598 1 1 145 105 2.921321871 -2.44934351626
599 2 3 145 115 7.17007986446 -2.10317380552
600 3 5 145 125 9.78543121523 8.20535636179
601 1 2 145 135 -7.78178124462 7.60772362092
602 2 5 145 145 0.32008860414 -7.74460208987
603 2 1 145 155 -5.71898040514 -3.81080749206
604 1 3 145 165 -3.8398490993 2.44659981423
605 1 4 145 175 0.250637591867 -0.434127075195
606 3 2 145 185 7.42900231224 -8.03129045549
607 1 5 145 195 0.742881556578 -3.52861491665
608 3 3 145 205 -3.27392034014 -9.08883305193
609 3 2 145 215 8.0140224478 -2.62262223416
610 1 2 145 225 -0.436771550932 0.94566087555
611 2 4 145 235 5.43871867915 -0.437725515349
612 2 2 145 245 -5.34867775702 7.66071318992
613 3 2 145 255 -3.21904620722 -0.0501853016091
614 3 4 145 265 6.66571478088 0.0337260267013
615 3 5 145 275 7.91477490817 -3.64380952137
616 3 1 145 285 -3.42140338274 -3.98198475577
617 2 4 145 295 7.0747231942 -7.3760004778
618 2 4 145 305 3.59408368734 8.27695862114
619 3 5 145 315 -5.58524317826 -3.301055459
620 2 3 145 325 -6.89154407979 8.71334802854
621 2 3 145 335 -9.1233024444 -9.33625079009
622 1 5 145 345 -1.72940078156 -4.51708844532
623 3 4 145 355 1.47458546427 -0.293263512822
624 3 2 145 365 -0.0381795355827 -8.45286108806
625 2 2 145 375 1.9812448673 9.54134687461
626 3 1 145 385 -0.366683847088 4.62414020828
627 2 4 145 395 4.91749413704 5.07040589532
628 1 4 145 405 9.38239376352 1.99535777063
629 1 4 145 415 -1.25456475842 -8.62902699349
630 3 4 155 5 0.9202772446 5.50715903142
631 1 3 155 15 -9.38056568486 -3.7071274728
632 2 4 155 25 3.49387630376 -5.04530200217
633 1 4 155 35 -5.07643008667 -8.6059703876
634 2 4 155 45 -5.51438767766 -9.79845585342
635 2 5 155 55 -4.96368644631 2.48490675679
636 3 1 155 65 1.79353920518 6.97836682491
637 3 3 155 75 -5.55034961589 7.22820688617
638 2 4 155 85 -6.41731404416 4.78710271287
639 2 1 155 95 -8.87012108136 -1.04726853176
640 2 5 155 105 -9.57798017111 -7.31902450655
641 3 4 155 115 9.6902680093 -9.37290098975
642 1 2 155 125 -3.02976994483 2.9020787735
643 1 4 155 135 -8.6945113896 -0.794094540308
644 1 3 155 145 1.03719547869 -9.94951997708
645 3 2 155 155 -3.84791745806 -1.87397024942
646 1 1 155 165 1.93325206418 4.40170166282
647 1 4 155 175 -6.0183855372 -6.14496127216
648 3 2 155 185 -5.15998832248 3.5720949591
649 2 2 155 195 -1.21880761881 -2.22545607521
650 1 3 155 205 8.31944843541 1.92882544443
651 3 2 155 215 7.43100496267 4.99964271705
652 1 3 155 225 6.70948295003 -4.88575667652
653 1 5 155 235 9.25552359954 8.96478574078
654 1 5 155 245 4.41677657526 0.1825862138
655 1 5 155 255 9.01590637095 -8.2288581338
656 2 1 155 265 2.30150150832 -4.66191873031
657 1 5 155 275 0.694098634833 -7.22700868617
658 2 1 155 285 5.69941842978 -9.8362637457
659 3 5 155 295 -6.11710546541 1.76313079091
660 1 3 155 305 5.81819312664 8.45013721728
661 1 4 155 315 6.88215953726 -5.63422966985
662 1 5 155 325 9.75966392262 -3.65890217133
663 1 1 155 335 2.38578602138 2.47414209243
664 2 1 155 345 7.32857638423 -5.80765819332
665 1 2 155 355 -8.54984986204 -0.26706256167
666 3 1 155 365 -0.946228622769 -9.10609256496
667 2 1 155 375 -7.68159228468 1.75347971971
668 1 1 155 385 -1.38467455728 9.85526822951
669 2 1 155 395 6.89916356418 -6.37320224186
670 2 3 155 405 -2.44070835275 8.44143100373
671 2 2 155 415 -9.39023573514 -8.21179882353
672 3 5 165 5 3.88397563605 2.32021064909
673 1 3 165 15 -4.57305490243 -2.04977254005
674 2 2 165 25 -6.69257946267 2.21482903498
675 3 3 165 35 1.8932294739 -1.03532296609
676 2 1 165 45 -1.08552960517 9.8626657999
677 2 5 165 55 3.41073114634 -1.26381121204
678 1 4 165 65 -5.80016839207 7.20056321656
679 1 5 165 75 -0.148108876246 -5.45202146578
680 2 4 165 85 8.96494510751 -2.00308314881
681 1 4 165 95 -8.58085204364 -2.95034339982
682 1 5 165 105 -2.3677165999 9.9451383325
683 1 4 165 115 1.01400730171 0.0482536846007
684 3 2 165 125 -0.758130876874 2.36514408975
685 2 1 165 135 6.80398770447 8.50989714268
686 1 3 165 145 -6.50213471739 -6.12148870258
687 3 4 165 155 9.46946926821 3.88801302629
688 3 2 165 165 -9.02709821776 4.61570057308
689 1 1 165 175 7.79298633985 -6.35608979065
690 2 2 165 185 -6.84233251695 9.23595347247
691 3 2 165 195 3.63402074355 -7.14238992366
692 1 4 165 205 -3.31936674979 -1.05468103423
693 1 3 165 215 1.37959946448 -3.11397161197
694 3 3 165 225 5.071884348 7.07510595114
695 2 4 165 235 3.40931140659 2.73514565997
696 2 4 165 245 -3.75345872767 8.1199577163
697 1 5 165 255 -9.93929608605 -5.10157813785
698 1 5 165 265 -2.46067360622 -3.14808730109
699 3 3 165 275 -2.11214718617 -5.94275757581
700 2 2 165 285 -8.0822115127 3.60144667015
701 3 4 165 295 1.30849010583 -4.88266025096
702 1 5 165 305 7.83345911786 -2.55582791508
703 3 3 165 315 -0.217173408537 -9.94857654055
704 1 4 165 325 8.64156979805 3.92658049262
705 2 1 165 335 -6.79468310499 -8.66731795315
706 2 1 165 345 -6.1464734293 5.51640144088
707 1 3 165 355 -9.07928843734 9.35292496335
708 1 2 165 365 -8.45302571395 7.90123468798
709 3 4 165 375 4.12133399694 8.94325314614
710 2 4 165 385 -7.55170803837 8.81127689965
711 2 4 165 395 -1.43967044145 -0.342343471195
712 1 1 165 405 1.03715634565 6.3087707705
713 3 2 165 415 -0.486649851498 8.93071481265
714 1 3 175 5 -0.554161211594 -7.5913034769
715 2 3 175 15 -2.25255874074 -7.59531710048
716 2 4 175 25 -9.23326316073 -9.66468431117
717 2 1 175 35 -2.22898106643 4.0685747131
718 3 5 175 45 -8.15348571527 -9.313222491
719 2 5 175 55 -0.677643682205 -5.91766514425
720 2 1 175 65 -4.08674318447 -7.42497079823
721 3 2 175 75 4.72429091919 2.83896352238
722 1 2 175 85 2.19092779881 -0.981976124973
723 1 2 175 95 6.02733639017 -2.59305764374
724 1 1 175 105 -5.99385489436 -4.08565619437
725 1 3 175 115 -3.30954063783 -2.58023634646
726 3 3 175 125 1.13145846497 -8.45048034703
727 2 5 175 135 3.74491312304 -4.73764183345
728 3 5 175 145 -4.18920748403 6.18796420927
729 1 3 175 155 2.19115858915 -1.98954228381
730 3 5 175 165 7.06176240212 -2.72790841073
731 1 4 175 175 8.45493741543 -0.259915192335
732 1 2 175 185 2.7817383614 -9.66431253482
733 2 3 175 195 -8.23650794535 -8.36161738065
734 2 2 175 205 5.74042744765 -3.98900273895
735 3 1 175 215 -2.79759984711 -2.62447523975
736 3 2 175 225 -0.503418770506 7.99452842026
737 2 2 175 235 -1.01385584515 -6.78059246137
738 1 5 175 245 -7.23421424764 0.282049633053
739 1 5 175 255 1.97302697539 9.10733670179
740 3 2 175 265 2.13832491217 4.43720176315
741 3 2 175 275 8.27603876368 4.91299044968
742 2 2 175 285 -7.38321854284 8.03900086325
743 3 4 175 295 9.42873652121 -2.7668156803
744 2 1 175 305 -1.8332923047 -3.92103855929
745 1 3 175 315 2.30681925024 -4.98596670876
746 1 1 175 325 7.38668946228 2.79336675126
747 3 1 175 335 -1.82553444547 8.11607932203
748 3 5 175 345 -9.849533501 -6.18514089809
749 2 2 175 355 -1.0573067814 -0.805259891106
750 1 3 175 365 -8.94906520481 8.58348416922
751 3 5 175 375 8.240201626 -8.50825183788
752 1 4 175 385 -4.92200821547 7.74719054077
753 2 3 175 395 -0.768567919241 -1.5562123885
754 2 1 175 405 2.48068466773 -5.24649603483
755 1 2 175 415 2.1834368298 5.93950338903
756 2 2 185 5 -1.59690447398 7.2660400178
757 2 2 185 15 -4.63913061487 -7.39807930823
758 2 1 185 25 7.588829503 7.90321469458
759 1 1 185 35 6.30700694656 4.09861631783
760 2 2 185 45 2.32160531147 -2.8250358996
761 1 2 185 55 -9.27544036629 8.11529094088
762 2 3 185 65 2.45911290241 7.57828101734
763 2 4 185 75 1.24061481773 0.0796802776446
764 3 3 185 85 2.66345737499 -5.75778421788
765 2 1 185 95 8.53030312517 4.02898635417
766 2 4 185 105 -0.928943368634 4.87131516267
767 1 5 185 115 -1.40350271213 -9.86881879401
768 2 2 185 125 -7.28880649528 8.808253016
769 1 4 185 135 -6.2955147868 -0.784686108831
770 2 3 185 145 -9.60283249768 3.73127619326
771 3 4 185 155 -7.63758982705 5.17267337669
772 3 5 185 165 -6.90663286497 -4.33262203172
773 3 5 185 175 9.94520249194 -2.14761610954
774 2 2 185 185 9.938516752 -8.13820936094
775 2 4 185 195 -5.5166084342 -9.70961638725
776 3 3 185 205 9.25391468149 -8.93646913919
777 1 4 185 215 8.93433118256 -6.49388398443
778 1 3 185 225 -1.37265363114 4.96738842156
779 3 4 185 235 1.81396060887 9.56235162555
780 1 2 185 245 -9.91272479668 -0.158619221867
781 1 4 185 255 7.08157404234 -1.84576185397
782 3 3 185 265 -7.69424360149 -5.6010234686
783 3 3 185 275 3.0910142785 5.74098311481
784 3 3 185 285 -2.53717082843 6.06238093856
785 2 2 185 295 0.295614805346 -6.33316828846
786 3 1 185 305 -1.49504642121 5.12179937716
787 3 5 185 315 4.71299309193 4.54987348847
788 1 3 185 325 -4.07558064703 7.21482887124
789 1 1 185 335 -4.39053917638 -0.830786165792
790 3 1 185 345 -2.36634492122 -1.41724421958
791 2 4 185 355 -0.70284650509 -4.98137581463
792 3 5 185 365 6.82274726411 -9.78588604124
793 2 5 185 375 7.65211657165 -9.19671042132
794 2 5 185 385 -6.46190850774 7.27600193171
795 3 2 185 395 -3.76364360326 -6.99190334208
796 1 1 185 405 8.35700014954 -9.29893280638
797 1 1 185 415 4.71722571652 -6.91585684518
798 2 5 195 5 -3.1925390573 2.51585165161
799 2 3 195 15 -6.2562828882 -6.61503168526
800 2 1 195 25 -3.40815114328 5.25937798602
801 2 1 195 35 -3.62005027291 1.00783222588
802 1 5 195 45 0.714881782961 -4.87469449305
803 1 2 195 55 -1.84328687928 5.21646120579
804 2 2 195 65 -8.63586465152 8.74790967399
805 3 1 195 75 2.89110013985 4.66601376185
806 1 5 195 85 -2.54630488959 4.46095720853
807 2 3 195 95 1.30650188111 4.53220837349
808 1 2 195 105 6.53110383042 6.63923021366
809 2 2 195 115 -0.0568569907191 -7.37214586683
810 1 3 195 125 8.69907700179 -1.01757838788
811 2 3 195 135 1.16168238765 -2.58564065705
812 3 2 195 145 2.70313425872 6.42632493335
813 1 1 195 155 5.34238489393 -1.55135631415
814 2 2 195 165 9.4698284561 -3.5857900796
815 3 3 195 175 7.49538365244 -5.76130151847
816 3 2 195 185 -8.95845462091 1.53347651059
817 1 3 195 195 5.35840718648 -8.89305017296
818 2 1 195 205 2.19592397148 7.90393742733
819 2 1 195 215 -2.97359186556 6.91524725372
820 2 3 195 225 -1.91629397091 7.14032922277
821 3 3 195 235 0.574548475267 -1.29933455463
822 2 2 195 245 -1.69850863448 1.95066948762
823 1 5 195 255 -0.985470634888 -9.81442223369
824 2 1 195 265 -3.91121057265 -7.99400273878
825 2 5 195 275 -3.28961417601 -8.10591981143
826 3 3 195 285 -8.92676891452 6.193243903
827 2 5 195 295 2.01388618915 -1.90568408654
828 1 2 195 305 -8.79744913806 -4.93751473627
829 1 5 195 315 8.06143568864 2.21168846802
830 2 3 195 325 -7.22441688503 -8.3538415402
831 1 3 195 335 -9.21059112099 -5.94377800592
832 1 5 195 345 6.6313351902 -4.33484994153
833 3 2 195 355 -0.0445555247743 5.14905414832
834 1 3 195 365 -5.35051711317 0.467440427793
835 2 5 195 375 2.78078418521 -5.71243025733
836 2 5 195 385 -3.728078545 -9.67809214341
837 1 4 195 395 6.84580183295 0.689604076081
838 1 5 195 405 -8.7651635081 -9.48674310103
839 2 5 195 415 -8.88281453947 0.693487947486
840 1 1 205 5 9.05581416056 -4.40743418421
841 3 5 205 15 9.08018993313 8.27298427726
842 1 3 205 25 -5.52735350954 1.46086211868
843 2 5 205 35 -6.77699578134 3.56288191514
844 2 1 205 45 -8.87235700516 9.39407426112
845 1 3 205 55 9.1012642843 9.2760613878
846 1 2 205 65 7.99882237026 -6.48162146363
847 3 1 205 75 -9.73097063533 -4.91909414884
848 2 5 205 85 -6.23928493554 6.89772221664
849 3 1 205 95 -2.52866940341 -7.83923446605
850 1 1 205 105 0.124475706184 -7.91354017346
851 2 2 205 115 -1.72332011663 -5.52849449549
852 2 4 205 125 7.52899236206 -6.65322244088
853 1 4 205 135 -8.18847437645 8.11805627879
854 2 1 205 145 1.20336648012 -6.32106292671
855 2 5 205 155 1.16923919591 6.6124082724
856 1 5 205 165 -4.54556940392 0.684358459242
857 2 1 205 175 0.418300893702 3.45073023496
858 3 2 205 185 9.11735328997 -4.6309997426
859 2 5 205 195 -5.81218156101 9.90886815367
860 2 4 205 205 7.35778636688 -8.62530849974
861 1 3 205 215 -8.98767153958 1.67018263302
862 1 1 205 225 0.972996588116 1.86084797501
863 1 1 205 235 -9.65960006465 -8.28362700487
864 1 4 205 245 -5.5684143897 3.75899753388
865 2 5 205 255 0.847516559941 -1.11565615825
866 1 4 205 265 5.23223061643 8.92266438937
867 2 2 205 275 4.52719462803 -0.257788424657
868 1 2 205 285 -7.19927547802 -0.706338350242
869 1 3 205 295 9.86704342523 5.99459083324
870 2 1 205 305 1.80239940049 4.08100999522
871 2 1 205 315 -7.05379016967 -6.81425955697
872 3 4 205 325 0.800735393466 -9.93787823423
873 2 2 205 335 2.06263667307 -0.271178646028
874 2 3 205 345 -5.50320965021 9.01048942224
875 2 4 205 355 -6.00738477574 -5.55249162731
876 2 5 205 365 5.79950393773 7.73659687806
877 1 2 205 375 -4.30040821042 6.80856608408
878 3 4 205 385 -4.95220531789 -8.7755789142
879 1 5 205 395 -6.40829377392 7.63758620553
880 3 2 205 405 -2.10523859952 -5.19907510303
881 2 5 205 415 0.328748452664 4.2310681632
882 1 1 215 5 -2.88199100842 0.466533173632
883 2 5 215 15 6.71713179737 -5.75762186009
884 3 3 215 25 3.5687869362 9.46553944409
885 1 1 215 35 -0.966886104225 9.00849591119
886 1 1 215 45 -3.61720961418 6.01337226908
887 1 2 215 55 4.86862996338 5.32374511787
888 2 3 215 65 -6.6254999902 -7.29686530379
889 2 5 215 75 -4.62099326397 -3.4314799645
890 3 4 215 85 1.13022503105 2.63211353586
891 2 2 215 95 -1.19147429016 9.82699495586
892 1 5 215 105 -1.68944014754 -0.127121851111
893 2 1 215 115 4.65359512045 -3.87907506904
894 1 2 215 125 5.99256957919 4.16152931096
895 3 2 215 135 6.21684709609 -5.52494040808
896 1 4 215 145 7.65833698587 0.383766915496
897 2 2 215 155 1.77037493698 3.73578245034
898 1 3 215 165 -7.29253828709 9.64847695251
899 3 2 215 175 -2.34499457873 -6.36627355408
900 3 1 215 185 -7.78644636339 8.58308766504
901 3 4 215 195 2.41025856112 5.47693194822
902 3 1 215 205 -4.34831755443 3.31949926256
903 3 2 215 215 0.984061879861 7.92054703353
904 2 4 215 225 -9.90420824215 8.08881114149
905 2 3 215 235 -8.13330139697 6.27561860615
906 1 4 215 245 3.33604832337 4.41395379449
907 2 2 215 255 -4.54804542167 -1.27969396653
908 3 1 215 265 8.08218027188 -6.58597061851
909 1 5 215 275 0.6962276806 -4.54765796316
910 2 5 215 285 -5.54501541327 2.27350172818
911 1 3 215 295 5.92757630388 -6.95708253524
912 2 3 215 305 -3.50297925331 3.05077009602
913 3 4 215 315 -6.80692063851 -2.25734206368
914 2 2 215 325 -8.6418307337 9.11118803977
915 3 3 215 335 0.461429900244 5.41995220991
916 3 1 215 345 1.19685201747 9.84518698907
917 3 4 215 355 5.27699644539 -4.28410230387
918 1 1 215 365 3.76701268782 1.10469794954
919 2 2 215 375 7.34700071095 -3.67333339699
920 3 1 215 385 4.17251548086 9.13227596941
921 3 1 215 395 3.66123829884 5.95717908665
922 1 1 215 405 4.78129611924 -2.77732110411
923 2 3 215 415 -7.8393474851 4.26756989194
924 2 5 225 5 2.02240710081 -5.05490028424
925 3 5 225 15 -5.67228712267 4.7147699317
926 3 2 225 25 -4.38687912792 3.55114753914
927 2 2 225 35 -4.35273516718 -4.05791594206
928 2 4 225 45 1.61814891899 -9.68802245666
929 2 1 225 55 2.74276946359 -2.79780798362
930 2 1 225 65 2.42329993522 2.28825247105
931 2 5 225 75 -4.24412107139 1.1480097778
932 3 5 225 85 3.49044920811 6.39441580491
933 3 3 225 95 -2.88854442804 -6.53512152256
934 3 5 225 105 -6.91491712295 -2.60303197467
935 1 2 225 115 4.45844572982 9.36036792222
936 3 2 225 125 -4.79846494261 -4.54673289139
937 3 3 225 135 1.70462325851 0.418881604678
938 1 5 225 145 8.5255223036 -5.99920926567
939 3 5 225 155 0.379698271159 7.0819217204
940 3 3 225 165 5.46024008889 1.03089102739
941 2 5 225 175 8.00832675342 -4.14577999079
942 1 4 225 185 2.83356027677 7.36782779558
943 2 5 225 195 -7.42318189289 3.37738545583
944 1 5 225 205 -0.993711849934 3.08169352762
945 2 5 225 215 8.7009947899 -7.87006984984
946 3 5 225 225 -4.90180490813 -8.09215261701
947 2 1 225 235 -5.24977950246 -8.6328120233
948 3 3 225 245 -8.38919285635 -4.51628670001
949 1 1 225 255 -2.24428547719 6.19251174961
950 2 3 225 265 5.0710755735 0.42072103969
951 3 3 225 275 5.4663871914 -1.64966152028
952 1 1 225 285 9.83604529984 3.06722160903
953 1 2 225 295 3.56750986036 -8.91533687387
954 1 3 225 305 0.00536910908146 -3.62097137978
955 1 2 225 315 -8.98745571248 -2.80446261215
956 2 5 225 325 -3.22425558243 7.00057141421
957 1 2 225 335 3.67844714741 0.252116372995
958 2 4 225 345 -5.98837978015 -2.70076796246
959 1 3 225 355 7.76431506703 -2.42665591147
960 1 5 225 365 -1.69601720988 -1.7287452792
961 2 5 225 375 -7.73149729033 5.17287711026
962 2 5 225 385 1.05019355119 -8.14012668292
963 3 3 225 395 5.19217514178 -7.56163668761
964 2 3 225 405 -8.27989607532 -2.28903157806
965 3 1 225 415 2.45575627882 9.9628381568
966 2 1 235 5 -3.3821696426 -3.92693590446
967 2 3 235 15 5.07309856247 4.23791768419
968 1 2 235 25 -1.89819607332 4.81102661905
969 3 2 235 35 1.93701227934 -0.753654829023
970 3 1 235 45 1.54283047774 -8.13294189889
971 3 2 235 55 1.68170785551 -7.58182341563
972 1 2 235 65 -4.38106794203 -0.848449839632
973 3 1 235 75 -6.08550795088 -2.74842993233
974 1 2 235 85 -5.36392954849 -5.77822065303
975 1 5 235 95 -4.84740823545 -3.02204965717
976 2 2 235 105 7.30731313002 -6.93269145324
977 1 3 235 115 -5.63490505332 -2.49293078927
978 3 1 235 125 -7.04583904056 1.91873943385
979 2 4 235 135 2.3502798468 -6.43551831896
980 3 4 235 145 4.68029535079 4.7256407219
981 1 4 235 155 0.97727890841 -2.53722120098
982 2 3 235 165 -5.50273508121 -4.09263260607
983 2 3 235 175 -7.37502050643 5.90922055128
984 1 5 235 185 8.85269861805 -4.64567015123
985 3 2 235 195 6.30665304723 -9.86659116394
986 3 2 235 205 -6.73096130757 7.84044954403
987 1 1 235 215 8.06989573941 2.08375986856
988 3 5 235 225 0.559837571924 -4.10966679469
989 3 5 235 235 -7.39575958642 5.16595961241
990 2 4 235 245 -9.78077515566 -7.16417822481
991 3 1 235 255 -2.73740851258 9.26807506368
992 2 5 235 265 -0.969526173921 4.32482169866
993 2 5 235 275 8.75079073665 6.89615815616
994 3 2 235 285 5.81235154588 2.7485225736
995 2 1 235 295 -3.3832523566 7.14848677089
996 3 5 235 305 8.62758907698 -1.44989805731
997 2 5 235 315 0.425946400171 -6.40199575984
998 2 5 235 325 0.564283542145 -1.40329779169
999 2 2 235 335 5.12727242565 -2.97953342043
1000 3 4 235 345 -1.65817108202 8.89672028392
1001 1 4 235 355 -9.6553471841 6.82081399723
1002 3 3 235 365 -4.44195739438 3.93848193075
1003 3 2 235 375 5.15420665962 0.312800357009
1004 1 4 235 385 9.83283938058 7.66035075773
1005 2 3 235 395 -0.0868099713113 -1.71931499218
1006 1 2 235 405 -1.78390297634 -4.94378229861
1007 1 1 235 415 5.01571676969 7.23202913044
1008 1 4 245 5 3.38668501209 4.96156497958
1009 2 2 245 15 0.919918277192 8.03323339714
1010 2 2 245 25 5.30619422263 -4.7031267581
1011 3 2 245 35 0.846405586388 6.02170364493
1012 1 1 245 45 -7.80373273999 1.91008938805
1013 3 5 245 55 -0.556333705646 -9.60858035511
1014 1 2 245 65 8.54582734754 3.73493681364
1015 2 4 245 75 0.786573233227 -9.38345179655
1016 3 5 245 85 6.60912597043 -5.10835880178
1017 2 1 245 95 9.28846720548 2.67924858876
1018 1 3 245 105 -8.77673582892 8.48001305903
1019 3 2 245 115 8.0015024646 3.94951051657
1020 2 3 245 125 1.87077255978 -8.10423266131
1021 3 4 245 135 -8.28976621406 5.63974909811
1022 3 5 245 145 4.36648573526 9.27587834864
1023 2 3 245 155 -7.05284909781 6.97695214796
1024 2 1 245 165 6.53351130877 9.43245137251
1025 3 2 245 175 -2.67862509767 -8.8761819234
1026 3 3 245 185 0.641682618912 -0.801817698282
1027 2 4 245 195 9.01896124141 -9.70711957503
1028 1 5 245 205 3.37805508567 -3.86352316326
1029 1 4 245 215 -0.229789477822 8.00405634481
1030 1 5 245 225 8.44222541786 3.64483020763
1031 3 3 245 235 -3.30092113938 5.39675262821
1032 2 1 245 245 8.68550291168 -6.97970740298
1033 2 3 245 255 2.4394591015 7.26829567807
1034 3 4 245 265 -9.48303835962 -5.68649972827
1035 1 2 245 275 1.16848057993 0.31940352889
1036 2 1 245 285 3.70836377119 -3.93294078922
1037 1 5 245 295 5.2992114079 2.87860307124
1038 1 3 245 305 -7.39617889738 -5.80593579863
1039 3 5 245 315 2.86977504339 -3.71759144523
1040 1 1 245 325 -7.27248613672 3.59364867648
1041 1 3 245 335 6.87526965717 4.4962828422
1042 1 4 245 345 4.06012403991 8.84392264528
1043 2 4 245 355 2.84969832207 0.961422322326
1044 3 4 245 365 0.147979356063 4.28744917317
1045 1 5 245 375 4.90286175323 -9.59327353479
1046 2 2 245 385 -2.64906457192 -3.60529044624
1047 2 3 245 395 -2.45178463361 -4.76358320367
1048 2 1 245 405 4.86425695189 2.68595454007
1049 1 4 245 415 -3.63365687562 8.36271947418
1050 3 1 255 5 -1.31084398809 -9.34555445538
1051 1 5 255 15 9.13618023863 1.69452999479
1052 3 2 255 25 -1.52252985868 -9.2396391248
1053 2 4 255 35 3.87650132772 9.42362171317
1054 2 5 255 45 1.91337827583 5.39227445142
1055 1 4 255 55 -8.85768965245 -0.67065706098
1056 3 2 255 65 6.13314450389 1.74402922479
1057 3 4 255 75 1.47854270077 2.952513319
1058 1 4 255 85 -5.17440756694 4.71762875925
1059 3 4 255 95 -5.76426304463 3.16253943982
1060 3 5 255 105 5.59469494462 2.03117043979
1061 3 3 255 115 -6.44594237424 -7.43718659389
1062 3 2 255 125 0.812362411947 5.72857247105
1063 3 4 255 135 8.21012384328 0.847772802663
1064 1 1 255 145 -0.537102608518 -1.89861901573
1065 2 4 255 155 7.29700475172 -6.30382832434
1066 2 3 255 165 1.83225131037 9.017159237
1067 2 3 255 175 6.73552758296 -0.81967803795
1068 1 1 255 185 3.12225901537 5.68831765721
1069 1 1 255 195 1.27651631444 5.07441581037
1070 1 5 255 205 -8.89527615662 -1.65586672651
1071 1 1 255 215 3.5759649212 2.21102446726
1072 2 1 255 225 -5.31861673652 7.95783095961
1073 2 3 255 235 -3.42581805414 -3.1429720282
1074 3 4 255 245 5.84501990542 3.44079447009
1075 3 1 255 255 -1.39549505028 -5.66633517537
1076 2 4 255 265 -8.55641693511 -4.29005065348
1077 2 2 255 275 -8.52965437005 -1.22028986665
1078 3 3 255 285 -2.17455730211 6.82971951176
1079 3 4 255 295 3.42387734418 3.82735108131
1080 3 2 255 305 -7.69952711641 -2.93950638608
1081 3 3 255 315 -8.81540538078 -3.90265825944
1082 1 4 255 325 -2.12719885483 -9.89293922552
1083 3 5 255 335 7.0250648752 -9.54991007167
1084 1 2 255 345 3.97347145114 -3.39009862842
1085 3 2 255 355 -2.27756756829 6.27358336958
1086 2 5 255 365 0.723023030291 0.952689112433
1087 3 5 255 375 5.7633475365 -6.18717635937
1088 2 1 255 385 -7.22147037925 -7.59680318454
1089 2 2 255 395 -5.85949831437 -0.0870093733014
1090 3 2 255 405 3.70120438336 -6.29751742318
1091 2 2 255 415 -8.37875538212 8.06372928499
1092 1 5 265 5 -5.28201296719 2.5378316922
1093 3 4 265 15 5.65493064539 4.22439544232
1094 3 1 265 25 0.0433913702733 -1.91199378199
1095 1 3 265 35 -1.49465304551 0.19671478719
1096 2 5 265 45 2.84206128777 8.68038915969
1097 1 3 265 55 6.02528229593 0.051166960923
1098 3 4 265 65 -3.49968107156 -9.36041882269
1099 1 4 265 75 8.69853660862 -9.15678445943
1100 1 1 265 85 4.16997692504 -3.33224264896
1101 1 1 265 95 7.68006739234 -2.70972883802
1102 2 4 265 105 -7.18133228676 6.33890526917
1103 3 4 265 115 4.62211822894 0.404242720414
1104 3 1 265 125 -8.1987894253 -3.52247083767
1105 1 2 265 135 7.50348739025 -2.02739316585
1106 2 3 265 145 -6.94657981105 6.18033382849
1107 3 1 265 155 5.32410229372 -7.01087964034
1108 3 2 265 165 -7.11679554537 5.4564210454
1109 3 2 265 175 5.6613904263 -4.64146505545
1110 2 2 265 185 -3.06653333701 -7.07221982161
1111 2 1 265 195 -5.1490727406 -5.12131791798
1112 1 1 265 205 -2.83317863621 3.45692529015
1113 2 5 265 215 -1.25834853638 -7.42746106712
1114 3 1 265 225 9.27208506922 2.2007573917
1115 2 4 265 235 8.30807545488 -6.87807901763
1116 3 4 265 245 0.601671063805 -3.93570380218
1117 2 1 265 255 -0.383502180125 -9.1405660273
1118 2 1 265 265 1.52410614874 -8.96054239298
1119 2 5 265 275 -7.51464718292 -5.76954968204
1120 3 1 265 285 -8.02686549247 -4.54341054722
1121 2 1 265 295 -6.29177121354 2.44001498662
1122 2 1 265 305 8.38940575534 -6.61778761011
1123 3 1 265 315 -7.45575807414 -6.98121086795
1124 3 5 265 325 -1.60090613554 4.16611187127
1125 3 4 265 335 -1.68058820424 -9.46139276632
1126 1 4 265 345 3.14732366622 -6.9280201544
1127 1 1 265 355 0.211132986957 8.23583701067
1128 1 4 265 365 1.44804650147 4.32794773867
1129 3 4 265 375 4.10975167641 7.28120502093
1130 1 5 265 385 2.98389388301 -7.34116890781
1131 3 1 265 395 2.43640311539 1.64347196657
1132 2 2 265 405 0.68094329806 5.04284943466
1133 3 1 265 415 9.34216413029 5.95856953162
1134 3 4 275 5 -4.34673581839 8.83383502753
1135 2 5 275 15 -9.95188216681 -4.05209092109
1136 3 2 275 25 -9.83363921384 7.84812348567
1137 3 2 275 35 -4.22262955862 -9.93569999715
1138 1 3 275 45 -8.35340327025 -6.04245342908
1139 3 3 275 55 5.00708354409 -8.52138551045
1140 1 5 275 65 -2.43758729823 -7.19095526924
1141 3 1 275 75 -8.50896624984 7.02430865973
1142 3 1 275 85 0.39679169263 -7.45586465451
1143 2 5 275 95 1.0209263416 -0.193804352412
1144 3 3 275 105 -5.02208983532 3.4993916081
1145 2 2 275 115 -7.47375920251 -6.54280844759
1146 1 1 275 125 9.22119547065 -8.35955891529
1147 1 5 275 135 9.49861514072 -0.707149203386
1148 1 5 275 145 -2.26398021526 -3.75713183845
1149 2 1 275 155 -1.83356251519 -8.56380596921
1150 3 1 275 165 -0.866232465936 -8.80600680402
1151 2 5 275 175 7.31397525499 -7.3742256849
1152 2 3 275 185 -1.89567510684 5.25722762463
1153 1 2 275 195 -0.0843224312616 -0.0785363943924
1154 3 5 275 205 -5.93981510952 0.105619931908
1155 1 5 275 215 -1.34395068117 7.20244749383
1156 2 2 275 225 4.76145050341 0.543701297756
1157 1 4 275 235 2.81876102343 -3.13246978157
1158 1 2 275 245 -2.9171827523 -4.24289723713
1159 2 3 275 255 -5.77985545112 -5.50286102541
1160 1 4 275 265 6.86212973073 -0.327876864076
1161 3 3 275 275 9.31173079923 -6.40809820652
1162 3 4 275 285 5.75920365218 -0.174289528055
1163 1 1 275 295 5.96514331154 5.98186910078
1164 1 5 275 305 0.39607817297 -2.6838086749
1165 1 5 275 315 3.5907859553 -8.19809722419
1166 3 5 275 325 7.08244941935 -6.98298235989
1167 1 4 275 335 -9.55211060589 -4.86491680216
1168 1 1 275 345 4.23026520382 4.75155153026
1169 2 3 275 355 2.51162674599 2.56763243533
1170 3 2 275 365 -9.916052572 9.31081325586
1171 3 1 275 375 -7.29819905057 5.91564309434
1172 2 1 275 385 1.78893581177 -0.66586740209
1173 3 5 275 395 5.99635588956 -8.48541330105
1174 1 1 275 405 4.4530508402 8.12780488648
1175 1 4 275 415 -3.72025607617 3.25396127747
1176 1 5 285 5 -3.42405688819 -3.46816394122
1177 3 2 285 15 8.71223643939 -6.3212278463
1178 1 2 285 25 7.93767890787 -6.30573790326
1179 3 5 285 35 -8.91530438271 -6.99105783956
1180 1 2 285 45 6.00632534057 -8.39853044358
1181 2 4 285 55 -5.04554389167 -4.29036301888
1182 2 2 285 65 -7.03452890305 0.844204005812
1183 2 4 285 75 8.64609959086 2.70599884374
1184 3 2 285 85 6.17301801099 6.4770416474
1185 3 3 285 95 -0.182386831249 0.248016061233
1186 3 3 285 105 -0.931099593901 -9.62109916183
1187 1 4 285 115 7.53091681933 -1.43636973718
1188 2 5 285 125 -1.09662503693 -2.73533808172
1189 1 2 285 135 3.13148713489 -6.00589479561
1190 1 5 285 145 2.04742574996 -6.32960218635
1191 1 3 285 155 -7.32636531315 -1.45119643754
1192 3 5 285 165 6.5892270183 -5.51565927272
1193 2 4 285 175 -7.73821922148 1.74348090896
1194 2 3 285 185 -3.58018223779 -8.2888033182
1195 3 4 285 195 8.82087208721 -7.20347521181
1196 2 2 285 205 -6.75331502503 6.97594333129
1197 1 2 285 215 -3.9199360707 8.66002076969
1198 2 1 285 225 1.73254755764 6.31839180487
1199 1 5 285 235 1.58720639983 -6.518993084
1200 1 3 285 245 5.39507057483 -3.44904795685
1201 2 3 285 255 4.69122417845 -8.611215683
1202 1 4 285 265 8.96267872585 5.57044598243
1203 3 2 285 275 8.30215400175 -1.85472968794
1204 3 3 285 285 -6.92211938804 -1.78403961085
1205 3 1 285 295 -3.611350041 -4.07033604521
1206 1 2 285 305 -1.22833248578 0.0533453664662
1207 1 1 285 315 -3.90598312846 8.05679268202
1208 3 5 285 325 -1.07601765253 0.0344730826591
1209 2 4 285 335 -4.44638244211 4.05946513903
1210 1 2 285 345 -6.96006933673 -9.67595470883
1211 2 2 285 355 -6.41785764122 9.93684445887
1212 1 5 285 365 -9.75229241672 -1.61785482008
1213 1 4 285 375 -6.71370365594 -9.83465635466
1214 2 5 285 385 5.93875693202 -4.06178884072
1215 2 4 285 395 -1.06481979733 7.99154949813
1216 3 4 285 405 -2.06579017695 -6.47827856398
1217 1 3 285 415 5.50876465399 2.47291340098
1218 1 1 295 5 -0.15704108809 -4.29218214529
1219 2 4 295 15 9.32410506936 0.239314109293
1220 1 3 295 25 -7.30861214538 2.19245858693
1221 3 1 295 35 -3.880363307 0.776641282373
1222 1 3 295 45 7.55069683661 -7.2952816392
1223 2 5 295 55 7.40763623078 -7.19799547178
1224 3 5 295 65 5.25194210779 4.14677311823
1225 3 4 295 75 -1.19975233607 -4.60053653463
1226 2 2 295 85 -4.16164330382 -2.77388910137
1227 1 3 295 95 9.14509114379 -4.97937170076
1228 2 5 295 105 -5.2529842094 2.85909010153
1229 3 1 295 115 2.82155767379 -9.68502633763
1230 1 4 295 125 0.387463062734 1.96345932062
1231 1 2 295 135 -7.57112976236 0.287946452892
1232 1 5 295 145 -3.65677824427 1.49728063192
1233 1 5 295 155 -3.43380454885 9.69691031667
1234 1 5 295 165 -0.588317142028 -1.61661260065
1235 2 4 295 175 8.87905393748 3.91691840146
1236 2 3 295 185 -6.78944660332 4.56955445666
1237 2 5 295 195 -1.89663509735 5.08018835156
1238 1 4 295 205 -6.95824365388 6.96382534151
1239 2 2 295 215 0.417606649087 2.34118203635
1240 2 3 295 225 4.96944316202 -3.63876772282
1241 1 5 295 235 -4.59904903333 -8.42465830308
1242 3 3 295 245 -2.96120021777 -2.13858244151
1243 1 5 295 255 -9.55917987724 6.32251636653
1244 3 5 295 265 -9.82094215727 -6.72533661319
1245 3 2 295 275 -9.52470339118 3.40915274677
1246 2 1 295 285 2.71911900737 -4.20679987327
1247 2 5 295 295 -4.2451657868 7.93580865064
1248 3 1 295 305 7.34320471426 5.58939004471
1249 1 1 295 315 1.78786136432 6.74272448527
1250 3 2 295 325 2.24545780147 -2.73823391873
1251 2 1 295 335 7.7384091809 5.93568526841
1252 2 5 295 345 0.752320784768 -5.56465582939
1253 3 3 295 355 2.62432329309 -8.35050084866
1254 2 4 295 365 -7.39833077617 -7.15726226841
1255 3 3 295 375 -0.509142252641 9.04264577135
1256 2 1 295 385 9.26544454287 5.12154266309
1257 2 1 295 395 -1.94540704184 -6.70472794555
1258 2 4 295 405 8.64149681663 3.52524393961
1259 3 2 295 415 -0.718767617333 -8.18245810012
1260 3 4 305 5 -5.94769965187 -5.00845863217
1261 2 1 305 15 3.20954728073 -2.48493978592
1262 1 4 305 25 -6.14487252806 1.26598163346
1263 1 5 305 35 3.64478605262 -0.633407911688
1264 2 2 305 45 4.08572266377 -1.20674386746
1265 3 5 305 55 -1.59011891022 -8.26325697577
1266 2 1 305 65 1.37060069321 -5.52474257563
1267 3 5 305 75 0.772830944692 4.52054332886
1268 3 4 305 85 -7.78278929728 9.03129573277
1269 2 4 305 95 1.69426040125 -5.37948803006
1270 1 3 305 105 -7.3559452165 2.01889205385
1271 2 3 305 115 -7.30164881492 -6.35448611601
1272 3 4 305 125 5.97502073202 -1.42286072115
1273 3 2 305 135 -9.0076721434 -1.42108453449
1274 2 3 305 145 5.02691050541 -4.93446705534
1275 1 3 305 155 -3.77930584417 4.0953687018
1276 3 3 305 165 8.89510805579 -0.832880598457
1277 2 2 305 175 9.02355907536 -9.59704288046
1278 2 2 305 185 7.71974082002 -1.59182075381
1279 2 1 305 195 -1.20049535137 9.93384955623
1280 3 5 305 205 -1.90965799538 8.12508972817
1281 3 4 305 215 4.65837839266 7.1332793327
1282 2 5 305 225 -1.26162048068 5.81264209291
1283 2 4 305 235 7.20074912455 -5.50421027414
1284 1 4 305 245 -4.16894479449 -0.772210434999
1285 2 2 305 255 5.88087480167 3.00223843765
1286 3 4 305 265 5.91902746253 5.52372644767
1287 1 2 305 275 9.33328211487 5.93406437834
1288 3 5 305 285 -6.67062211056 -7.41176465811
1289 1 5 305 295 7.29386818391 -4.84444635636
1290 2 1 305 305 6.40271625308 -0.669586873638
1291 3 2 305 315 -3.59719113043 -0.31218458386
1292 2 3 305 325 -4.18892183729 1.26734621023
1293 3 5 305 335 -2.76601781929 4.80884414974
1294 3 4 305 345 7.80082862803 -9.2356355584
1295 1 3 305 355 -3.39074170139 -5.55497462207
1296 2 3 305 365 -4.06821223283 -9.75054315963
1297 2 2 305 375 3.3568641197 -1.5973072716
1298 2 1 305 385 -4.08953992326 -6.02236601862
1299 2 1 305 395 5.01627814479 5.61586232704
1300 3 3 305 405 -0.610700581293 0.949277342134
1301 1 3 305 415 -6.64152028493 4.7893924722
1302 3 4 315 5 -9.45488491053 -6.44768051587
1303 3 1 315 15 -7.83367747228 -4.58165665531
1304 2 4 315 25 1.78257763137 -1.57797110589
1305 1 1 315 35 -8.63825011849 -4.95023549263
1306 3 1 315 45 2.43043870751 -5.14515042439
1307 1 2 315 55 -6.73545495105 9.48376987976
1308 1 1 315 65 -3.33669287581 -6.32532825075
1309 1 2 315 75 -7.79563789391 4.22632934621
1310 2 4 315 85 -4.54174602787 6.44001429566
1311 1 1 315 95 -8.05750553086 -6.04307839182
1312 1 4 315 105 7.0163146986 -7.73443547506
1313 1 1 315 115 5.28448025455 0.943028352281
1314 3 4 315 125 4.47583525123 9.14462061985
1315 3 4 315 135 5.65476855876 6.3972068053
1316 3 5 315 145 -9.53246422948 1.79912190139
1317 2 5 315 155 5.73802481647 -7.33996227829
1318 1 5 315 165 -0.776479372117 2.38964310074
1319 2 4 315 175 1.67931918089 0.929676886437
1320 3 1 315 185 5.84873287376 -1.94365215728
1321 1 4 315 195 6.55756351274 -9.18371454743
1322 3 4 315 205 -1.71898422089 9.19191710887
1323 2 5 315 215 -0.746418494525 7.31683789257
1324 3 2 315 225 8.97248100309 -5.66165114758
1325 3 5 315 235 -1.11192366918 -4.32329810166
1326 2 4 315 245 -8.75150064314 4.60388601879
1327 2 3 315 255 7.39138036425 6.64040746368
1328 3 5 315 265 2.76677562352 7.79770093774
1329 2 2 315 275 -0.980609917364 -2.83561405324
1330 1 4 315 285 9.54758599641 9.94557845826
1331 2 1 315 295 -8.0287700842 3.70932908906
1332 3 2 315 305 -2.09528584473 -0.487370175582
1333 2 4 315 315 -1.84808273679 -3.93580955715
1334 2 3 315 325 7.98816296301 -4.45105647483
1335 1 2 315 335 -7.00307104071 9.07818315199
1336 2 5 315 345 6.18363778822 0.207804273081
1337 2 5 315 355 -6.19417495379 6.53418463615
1338 3 3 315 365 1.40137410309 3.54041301047
1339 1 5 315 375 -0.335930851725 -2.77727319334
1340 1 5 315 385 -3.50976919835 6.10658681514
1341 1 3 315 395 -4.45596748271 -5.62092367837
1342 3 1 315 405 5.7384524633 0.993464089496
1343 1 1 315 415 -2.34054099622 -7.79245478333
1344 2 4 325 5 7.78382092025 -9.40265827339
1345 1 2 325 15 8.99992808384 1.26169946867
1346 1 5 325 25 -5.02176499266 -1.04039373771
1347 1 5 325 35 -9.88585057839 -8.17433671445
1348 1 4 325 45 4.43030964226 -4.43441254615
1349 1 2 325 55 -0.39696039932 -0.183441470802
1350 3 5 325 65 3.96228554728 -6.27582728957
1351 3 2 325 75 -3.79279443721 -7.08207144006
1352 3 2 325 85 -9.75943974099 -6.81795032162
1353 1 2 325 95 9.81097787306 -8.48373168524
1354 2 5 325 105 -8.14667160112 3.26022082499
1355 2 3 325 115 -3.4607651358 2.84439605223
1356 3 4 325 125 -6.45943237688 7.04157223879
1357 3 2 325 135 -1.53934512408 2.4406478994
1358 2 4 325 145 -6.10679156421 -8.02825246699
1359 3 1 325 155 2.23907839384 -1.50629284131
1360 1 2 325 165 -3.90111981636 -1.61917070773
1361 3 5 325 175 -2.10941672071 -3.13416632832
1362 3 3 325 185 -6.38054225281 2.84131988718
1363 1 2 325 195 7.31032616463 7.92074714535
1364 1 5 325 205 -5.62305374841 0.623946332268
1365 1 2 325 215 -0.925303226061 -5.05373396441
1366 2 3 325 225 5.33986278278 -7.4831296929
1367 3 2 325 235 0.517187342074 -9.5833653766
1368 2 1 325 245 6.4917059603 -4.21440806865
1369 1 1 325 255 0.529968654759 -0.893287993455
1370 2 5 325 265 1.94069852575 1.95329242137
1371 2 5 325 275 -3.81719020077 -8.91661897886
1372 1 4 325 285 7.72159948487 -7.91552320882
1373 3 5 325 295 -0.529591778766 5.69195760884
1374 2 1 325 305 4.83285063381 7.64627439102
1375 2 1 325 315 4.92034834469 0.191590369729
1376 3 5 325 325 7.30865636233 4.09256403012
1377 3 1 325 335 8.17446581219 1.89919935645
1378 2 1 325 345 -8.97174776903 -4.03120723968
1379 1 2 325 355 -2.67554121303 2.05292470662
1380 3 3 325 365 1.48631479338 3.10897228899
1381 1 2 325 375 2.05847855054 -2.79597033002
1382 3 1 325 385 7.47459354193 0.516027450224
1383 1 2 325 395 6.53258543112 1.33567503039
1384 1 5 325 405 2.76556700468 0.481916189096
1385 2 2 325 415 0.16945798451 7.80681805546
1386 3 5 335 5 9.74291764187 -5.1902373077
1387 2 3 335 15 -2.63422713154 4.46329531222
1388 3 1 335 25 4.48812689409 -7.68131435425
1389 2 1 335 35 -5.2348155711 -0.508843562508
1390 1 1 335 45 -3.43893971219 -7.93873167102
1391 3 3 335 55 5.28252796762 -4.63295383119
1392 2 1 335 65 9.04704912332 -7.15093948975
1393 3 4 335 75 -8.86873193801 -3.28643691249
1394 1 2 335 85 9.67456881964 8.38413089326
1395 1 5 335 95 8.90948127026 -2.41806050077
1396 1 2 335 105 9.858866619 -0.4378806057
1397 2 3 335 115 -0.349892994248 7.62896097007
1398 2 1 335 125 -5.87567562666 -6.55591687808
1399 2 1 335 135 -7.09649030316 -6.7799990706
1400 2 2 335 145 4.80340136655 -9.66769935765
1401 1 1 335 155 2.01428925742 -0.546310686956
1402 3 1 335 165 1.65148659121 7.79830679425
1403 3 3 335 175 -2.03258706974 5.20117764442
1404 3 3 335 185 -1.57873876313 9.83220423685
1405 3 1 335 195 -1.89469622322 -4.9028435051
1406 1 2 335 205 5.74519441978 -8.35500401306
1407 2 5 335 215 8.24620812235 -3.79846813312
1408 3 4 335 225 5.55073236567 5.37771772455
1409 1 5 335 235 5.14994974765 2.82141411471
1410 1 2 335 245 4.31616758619 9.23052580364
1411 2 5 335 255 1.29459961865 5.76904690119
1412 1 3 335 265 -1.22758166541 3.18236132912
1413 2 3 335 275 4.5393009104 -2.61516196924
1414 1 3 335 285 -2.03368931494 -1.89729394033
1415 3 3 335 295 -1.247052693 4.69327047809
1416 1 3 335 305 0.201069445977 4.08530242209
1417 1 1 335 315 -2.34946363603 1.53946051944
1418 1 1 335 325 1.28070230825 0.505861826516
1419 3 2 335 335 -1.23615762438 3.34017235961
1420 3 1 335 345 -2.55458017317 -8.72537210237
1421 2 5 335 355 -6.26607356942 -6.34965380351
1422 3 3 335 365 8.5208060814 6.63967034344
1423 1 2 335 375 -9.24995474455 9.6529738522
1424 2 1 335 385 3.74013166387 8.46914903044
1425 1 3 335 395 6.0347334436 8.43886996497
1426 1 5 335 405 6.7954380147 3.97926064376
1427 1 3 335 415 -2.75572293657 4.58955571105
1428 3 3 345 5 -4.0029486709 3.65160643238
1429 1 4 345 15 -3.39569148794 -1.64379009175
1430 2 1 345 25 -5.51852170844 0.892269967329
1431 1 4 345 35 4.63612615381 5.58899442957
1432 3 2 345 45 9.54695577891 -3.4655168411
1433 3 3 345 55 -6.78718719158 -5.58584472968
1434 1 1 345 65 6.33953928808 0.609572491513
1435 1 3 345 75 6.92058589542 6.67849519979
1436 1 2 345 85 6.31235140206 9.28944579714
1437 2 1 345 95 -1.16993906368 0.237679667415
1438 3 5 345 105 2.32259537442 4.90202236151
1439 2 5 345 115 -6.39831864475 -1.3857440002
1440 1 1 345 125 -1.2993226132 1.10505787973
1441 1 2 345 135 4.16003274674 0.751889217961
1442 1 1 345 145 2.5100487727 -5.85735839326
1443 2 5 345 155 6.56562185189 -3.58376422858
1444 3 5 345 165 7.17576651802 4.10020733417
1445 3 1 345 175 4.9634159657 -1.25254395948
1446 3 3 345 185 -6.98543222239 0.149630950162
1447 3 1 345 195 2.25193452557 -2.95314417329
1448 3 3 345 205 -5.50474943498 5.02756913095
1449 2 3 345 215 4.29825507549 7.25662661106
1450 2 2 345 225 8.83967260879 8.13084921379
1451 1 2 345 235 4.57042051535 1.01257605958
1452 1 5 345 245 -1.83061476852 1.31442754662
1453 3 4 345 255 -4.18262781811 9.01150227025
1454 1 1 345 265 4.72777534672 6.43507630055
1455 1 3 345 275 -3.86808930862 4.8200484343
1456 1 5 345 285 -3.98706713572 -4.32824379186
1457 1 4 345 295 -5.34926732996 -8.90422180514
1458 3 2 345 305 3.85985984244 -4.64697645815
1459 2 2 345 315 -9.96492688192 1.42651317747
1460 1 4 345 325 -0.846936691387 7.81450691297
1461 2 4 345 335 0.691047263289 0.822768836603
1462 3 1 345 345 2.37881612027 -6.94222580055
1463 2 1 345 355 3.71357940575 5.68087277304
1464 3 3 345 365 -5.25406674574 -5.14586215333
1465 3 2 345 375 4.52850392412 1.50057152056
1466 1 2 345 385 -9.4670230984 -3.90953693017
1467 3 4 345 395 -0.162359831822 7.29098428054
1468 2 5 345 405 5.38213176686 2.3662038375
1469 2 1 345 415 -7.93037126215 0.674181333875
1470 1 1 355 5 6.70227856403 -5.02729242742
1471 3 3 355 15 -1.38338859425 8.83596014789
1472 1 5 355 25 8.24027453403 6.13387591936
1473 3 2 355 35 2.64648312613 7.68030769089
1474 2 5 355 45 5.58200647894 -4.95355639465
1475 2 2 355 55 4.91382373428 3.65398642668
1476 3 5 355 65 6.84746354514 9.64686478233
1477 2 2 355 75 4.39848238924 -0.13700610474
1478 3 5 355 85 -2.52841484306 -6.70443944545
1479 2 1 355 95 8.55819337277 -5.21800801484
1480 1 3 355 105 -4.81184744904 -5.7959271021
1481 3 4 355 115 7.6839271585 -6.03081850131
1482 3 2 355 125 -3.32006656386 7.02612503112
1483 1 4 355 135 -3.83123925816 -3.35144032968
1484 1 2 355 145 -9.90379180386 2.64907962577
1485 3 1 355 155 1.69120816992 2.89815497478
1486 1 2 355 165 -3.44069587104 2.66468090994
1487 3 2 355 175 0.864464237769 7.68777424487
1488 3 3 355 185 -9.14768948228 1.02810396702
1489 3 2 355 195 -2.83203390042 -2.13509912873
1490 1 5 355 205 -0.821167378291 -5.52541440053
1491 2 5 355 215 -3.29153714775 5.87333859862
1492 1 4 355 225 -1.23204242931 1.71680503035
1493 3 5 355 235 -3.67154056338 -9.5037880201
1494 3 3 355 245 3.35444916923 7.01098972571
1495 3 3 355 255 5.70815714854 -4.7492817151
1496 3 5 355 265 7.12969862688 4.32305169875
1497 3 1 355 275 1.19692705445 7.90780478766
1498 1 1 355 285 -4.22175389895 0.727520217711
1499 1 3 355 295 -1.37049740366 -6.25992235655
1500 1 5 355 305 5.95513138046 7.05881126522
1501 1 1 355 315 3.74367005349 -7.01671386698
1502 1 3 355 325 7.17184939013 -2.25508293695
1503 2 4 355 335 0.550920805077 8.85258845214
1504 2 5 355 345 -5.0796823046 -6.20596625535
1505 2 2 355 355 -4.13450948428 2.55209806922
1506 3 5 355 365 9.98040062108 -7.32369391475
1507 1 4 355 375 -6.98620286487 9.20486545616
1508 1 5 355 385 3.56618807211 -5.00335591133
1509 2 3 355 395 4.67052646112 1.5366678789
1510 1 4 355 405 9.85098347471 7.38693059172
1511 2 2 355 415 3.93898489536 -4.79666878311
1512 1 5 365 5 -2.55101669553 3.23418399742
1513 1 3 365 15 2.29314848094 -5.43825381765
1514 1 3 365 25 -3.4594247771 -3.02315872529
1515 2 2 365 35 -0.0452808286723 8.5059461376
1516 2 4 365 45 6.97417273648 -4.56058368914
1517 3 1 365 55 9.25032701336 -1.45274686288
1518 2 3 365 65 7.44034394274 6.88690892898
1519 3 5 365 75 -6.4925052736 5.45894282424
1520 2 4 365 85 4.94137263943 -3.98854507342
1521 3 3 365 95 7.6863305193 2.46129750046
1522 2 4 365 105 -0.434134839243 -4.70596457681
1523 2 3 365 115 8.47230115955 -8.01813139579
1524 2 4 365 125 -5.19808964773 5.90195163038
1525 3 3 365 135 1.85026652654 2.80150379976
1526 2 4 365 145 4.93577486982 3.69463870551
1527 1 3 365 155 6.5798648838 -4.13770526101
1528 1 3 365 165 0.735747708029 -6.47484975267
1529 3 4 365 175 -5.16224649039 -2.67725077884
1530 2 1 365 185 -2.27572885289 -5.33101605021
1531 2 5 365 195 -5.87154788456 5.43544555252
1532 2 5 365 205 -1.034393963 -8.18899664737
1533 1 1 365 215 -9.27787853108 -5.12413002014
1534 2 2 365 225 9.56574219869 4.66750228595
1535 2 1 365 235 8.27431628154 1.41444674365
1536 1 2 365 245 6.94750528659 -6.09839050492
1537 2 3 365 255 -3.80962201241 -4.52451342441
1538 2 1 365 265 -0.529224246477 -6.46821315757
1539 1 3 365 275 7.42586380517 -7.51761110056
1540 1 4 365 285 4.86791467305 -4.53197092421
1541 2 5 365 295 6.69847790069 -0.864666748777
1542 1 1 365 305 -8.17344904243 8.92539451647
1543 1 4 365 315 -9.49042874193 5.7750592513
1544 1 2 365 325 -3.6015150839 2.22734058502
1545 3 5 365 335 -0.156669017472 -9.24484401962
1546 1 3 365 345 -1.85785603768 -9.46197396965
1547 3 5 365 355 -6.82359464404 9.40694419338
1548 1 4 365 365 8.02915402055 -5.99179268219
1549 3 4 365 375 7.87014081158 5.1619010019
1550 3 4 365 385 -4.34908516351 6.32007348352
1551 3 3 365 395 -9.73719802238 4.88444560515
1552 3 3 365 405 -6.80747652798 -9.03901242854
1553 1 4 365 415 8.6089252371 0.456555252266
1554 3 5 375 5 -0.769999608698 -3.04840320248
1555 2 3 375 15 -6.5344009289 8.00960325634
1556 2 5 375 25 -7.82370127372 -9.51471927463
1557 1 4 375 35 -9.91628049901 -8.25415806216
1558 1 3 375 45 -3.30155417825 -9.23411768531
1559 3 2 375 55 5.74889423423 -8.83416591233
1560 3 1 375 65 1.09128226437 0.651489502385
1561 3 4 375 75 -1.34580776885 -5.00269895112
1562 1 5 375 85 -4.78231900744 -2.37742951063
1563 3 3 375 95 5.19775437758 -2.227437986
1564 3 5 375 105 -3.91323805051 4.58050644826
1565 2 2 375 115 7.30643924891 2.52899177399
1566 3 5 375 125 -8.00338110821 7.07211240408
1567 2 1 375 135 2.74312808 -3.61795650117
1568 2 5 375 145 0.80765082969 -0.676435514093
1569 3 2 375 155 3.22738220533 -8.6103194021
1570 1 1 375 165 -9.4124339885 0.22088293767
1571 2 4 375 175 4.74441421342 -4.74823031039
1572 3 3 375 185 6.7301721705 -3.66111759141
1573 1 1 375 195 -9.59149603319 -1.56033390707
1574 2 1 375 205 6.81250729093 6.22408417111
1575 2 4 375 215 7.60774073904 7.04300185505
1576 1 5 375 225 -8.81522729844 1.67907127502
1577 3 4 375 235 -8.50851815611 1.84227279491
1578 3 2 375 245 2.60277035263 -4.73508068134
1579 3 3 375 255 2.14240751398 -8.57920691021
1580 3 3 375 265 -2.44162635248 -9.2476292642
1581 2 2 375 275 -5.89693355724 8.88593529962
1582 3 5 375 285 7.767605642 -8.8585298968
1583 3 3 375 295 -5.05348851641 9.78552638102
1584 1 3 375 305 3.37733774268 8.16431399853
1585 3 4 375 315 9.48385836564 -7.24097365471
1586 3 3 375 325 -6.3381831474 8.11327913673
1587 2 5 375 335 -5.29798190711 4.62814847909
1588 2 3 375 345 3.39210670144 4.06189201559
1589 1 4 375 355 -6.26484650727 5.09996961563
1590 3 2 375 365 9.6098000272 5.45161492961
1591 3 5 375 375 1.02375920582 6.51328688246
1592 2 1 375 385 1.98851018292 -2.36161116287
1593 2 4 375 395 -3.13663090837 -7.90447835305
1594 2 1 375 405 -1.48494560068 1.16286038832
1595 1 3 375 415 2.03325726732 5.76703669218
1596 3 3 385 5 5.57402688851 -2.42703464211
1597 3 5 385 15 4.85792241562 5.92149865543
1598 1 2 385 25 2.81765415066 -8.26255619378
1599 2 2 385 35 -8.94496822153 5.7993202296
1600 1 2 385 45 -7.51040234005 0.11375479425
1601 3 3 385 55 6.86843675369 -2.59863443634
1602 3 3 385 65 -1.43440665093 -7.21947729599
1603 2 4 385 75 -8.82932819288 0.0746253341386
1604 3 1 385 85 1.5779809504 9.10239218562
1605 2 1 385 95 -4.53814933612 9.49917332137
1606 2 4 385 105 8.55182402226 -9.48832047105
1607 2 1 385 115 4.40111808431 9.67489941395
1608 3 2 385 125 -9.69164056312 7.84206976937
1609 3 5 385 135 -7.30047764933 2.99028263583
1610 3 1 385 145 -7.69159231557 3.03849879696
1611 1 1 385 155 -1.82503759959 9.35059552084
1612 3 3 385 165 4.94041745008 -9.41324902303
1613 1 3 385 175 -7.21877153232 -5.46078505668
1614 2 5 385 185 -1.68855969537 1.40227813138
1615 2 4 385 195 -3.31223127216 7.55061313249
1616 1 3 385 205 8.37826533667 3.71433205959
1617 1 2 385 215 -4.98040178979 -7.24171908598
1618 3 3 385 225 3.47060289606 -6.76137007778
1619 1 3 385 235 5.85352756483 -8.74276368706
1620 2 4 385 245 -5.7284150624 7.01694778092
1621 3 3 385 255 -5.30126247889 0.433084104991
1622 1 2 385 265 -0.873749641602 2.94541889368
1623 2 5 385 275 9.88537433169 0.21995315418
1624 2 4 385 285 6.29797723077 -9.0333874423
1625 3 3 385 295 -2.51841425325 4.08883844759
1626 3 4 385 305 -3.46897909017 2.55298399064
1627 1 2 385 315 2.17526406748 -4.05451623764
1628 1 1 385 325 6.88928886352 -8.79251530527
1629 3 1 385 335 5.65886515331 6.26724556855
1630 3 1 385 345 -5.68478120342 -9.38055008018
1631 3 2 385 355 2.74774046643 1.11481051177
1632 2 3 385 365 -5.45066535036 3.84455340214
1633 3 1 385 375 3.0492369106 7.07391689122
1634 3 1 385 385 -0.738803315019 9.31634060724
1635 1 4 385 395 5.75243233235 -7.02139659023
1636 2 3 385 405 -2.92653342866 -5.04808073854
1637 2 4 385 415 -0.295078206481 -2.70762115522
1638 3 3 395 5 8.21509961624 -1.66172882303
1639 3 4 395 15 -3.94987798006 -8.34061433987
1640 2 5 395 25 -8.23793227809 6.33738420923
1641 1 5 395 35 6.22870742671 -1.10848792481
1642 1 2 395 45 -0.90425020876 6.87185550173
1643 3 5 395 55 -0.365920002943 -6.26776767256
1644 2 2 395 65 -7.27161472714 2.89965179529
1645 2 1 395 75 6.11052120286 0.884609669504
1646 2 2 395 85 7.01196785935 3.84313440005
1647 1 1 395 95 5.75726669456 0.292079154962
1648 1 5 395 105 -6.8317481549 2.93674574094
1649 3 4 395 115 -0.874071445774 6.4110793245
1650 2 5 395 125 -5.79691199163 0.936830602752
1651 1 4 395 135 9.42476034262 7.6265233938
1652 3 5 395 145 -3.75643187934 -8.5921751882
1653 2 5 395 155 2.51485363418 1.85911871085
1654 1 1 395 165 -0.833336373653 1.49459267794
1655 1 3 395 175 5.75695758784 4.88776549301
1656 3 5 395 185 -5.39128794525 -1.87451056469
1657 3 3 395 195 -8.07920903101 2.45475144013
1658 2 5 395 205 -6.10744100988 -7.70609929771
1659 2 5 395 215 -9.94812863926 2.09598262556
1660 1 1 395 225 -7.55249365316 -8.17167409706
1661 1 5 395 235 3.92518668333 7.37549959268
1662 3 3 395 245 -5.04556899055 -4.80215304168
1663 2 5 395 255 8.2623285045 7.9454139493
1664 1 3 395 265 4.90516608114 8.13129252221
1665 2 4 395 275 2.69871646458 -2.85996328407
1666 1 2 395 285 -6.22874761507 -2.62919372848
1667 1 3 395 295 -2.38984796935 -0.549958034903
1668 1 2 395 305 -2.46794203924 9.53466951394
1669 3 2 395 315 -7.80011327588 8.59013125032
1670 2 3 395 325 -5.54735076976 3.91824719361
1671 1 3 395 335 1.59346216677 -7.1410361266
1672 2 4 395 345 -3.14252701497 3.33105506875
1673 1 3 395 355 2.89510004366 7.25391738
1674 3 5 395 365 1.79721856485 -1.33174102508
1675 1 5 395 375 4.00659785898 -1.83102733537
1676 1 4 395 385 -9.16795010125 -2.10476717511
1677 1 1 395 395 -6.23822310744 -7.56615751014
1678 3 5 395 405 -1.77830676167 -4.605343449
1679 3 2 395 415 8.67576812244 3.51561969298
1680 2 1 405 5 -5.06517952363 -6.09585272203
1681 3 2 405 15 -2.44358323009 2.09105985622
1682 3 5 405 25 0.244889588201 -6.46422105017
1683 3 3 405 35 0.0598840567136 -0.816984359114
1684 2 5 405 45 -5.91179581532 3.63687605318
1685 1 3 405 55 1.60157656353 0.205991525327
1686 2 5 405 65 8.58919743404 -1.68977366968
1687 3 5 405 75 7.46835968234 5.98965551287
1688 3 2 405 85 3.32492152225 -4.73606254805
1689 3 3 405 95 -1.66475282913 -8.64517111634
1690 3 2 405 105 5.52841872674 9.92228728801
1691 1 5 405 115 6.36395257009 -5.07025615717
1692 3 5 405 125 5.86977633874 1.65597848415
1693 3 2 405 135 -5.01587171376 2.67730406068
1694 3 1 405 145 -3.12725858356 -5.59792003948
1695 2 1 405 155 -2.88183872455 1.54623070112
1696 3 1 405 165 -3.73220427791 5.20762911532
1697 3 4 405 175 -0.168206104423 -6.36808717319
1698 1 3 405 185 -9.18501644406 7.08042173701
1699 3 2 405 195 9.67158031237 -5.43790162311
1700 1 1 405 205 1.62743006226 6.24997510289
1701 2 4 405 215 2.90615006336 -9.79089289982
1702 3 2 405 225 9.71470029059 2.28317166858
1703 2 3 405 235 -2.15716193516 -6.94428698711
1704 1 2 405 245 6.81018824902 1.68855282704
1705 1 5 405 255 -6.5911212654 1.35932715298
1706 2 4 405 265 -5.99575649817 -6.26980480577
1707 2 3 405 275 1.40559009578 1.31539975337
1708 1 4 405 285 -2.31870322066 7.76047440922
1709 2 2 405 295 1.88309109082 -1.45528570733
1710 3 1 405 305 -8.41457170533 -4.00337457258
1711 1 3 405 315 -8.55652514403 -7.00756105983
1712 3 3 405 325 -5.67137952902 -6.28842245598
1713 1 1 405 335 6.65773443653 2.1819213765
1714 1 4 405 345 -1.89469335536 -4.04833126242
1715 1 4 405 355 8.51115642365 -7.4773730794
1716 3 2 405 365 -1.4282061058 -5.89386337354
1717 3 1 405 375 -2.21157571759 -8.86896126527
1718 3 5 405 385 -4.79414447986 5.79645353688
1719 3 3 405 395 5.41691265621 -8.74706387679
1720 3 4 405 405 7.26489412151 -7.09181510595
1721 2 5 405 415 1.11391636464 4.62052123985
1722 2 3 415 5 -7.30930696545 7.97141805635
1723 3 2 415 15 8.20195486385 7.98730026778
1724 3 3 415 25 0.444971950655 4.07029775878
1725 1 5 415 35 -2.168214015 0.554510263045
1726 2 3 415 45 6.39064466637 6.11546732775
1727 1 5 415 55 2.62837790062 6.3622290076
1728 3 2 415 65 5.77557898705 3.98584368711
1729 3 4 415 75 4.20370671045 -2.46950771454
1730 3 5 415 85 -9.77535289758 -7.68612227863
1731 2 4 415 95 -7.61166188136 -6.78630226465
1732 2 2 415 105 -0.640717251224 2.73145996299
1733 2 5 415 115 -9.92890780552 -6.47805836485
1734 1 4 415 125 -8.29376985493 -5.04994707242
1735 1 4 415 135 7.46908169776 0.233644380935
1736 1 1 415 145 7.96345788153 -0.937096806457
1737 1 2 415 155 -3.91712898855 -6.81115419918
1738 2 5 415 165 -4.58403471206 -0.72817695964
1739 1 1 415 175 -3.63980224116 -6.16469299353
1740 1 1 415 185 5.49451334512 3.81192224801
1741 2 3 415 195 -2.36105675946 -8.7762223692
1742 1 3 415 205 3.7964676663 -4.15070326617
1743 2 3 415 215 -4.53589910906 -4.74621801584
1744 3 3 415 225 -6.28324688008 -1.67361528892
1745 3 4 415 235 -2.2808115774 -9.10849996304
1746 2 5 415 245 4.48702099322 3.03397457536
1747 2 1 415 255 3.24332234092 -8.00325783118
1748 2 2 415 265 -6.01691091042 -2.08266538448
1749 2 1 415 275 -7.28590713753 6.10444374369
1750 2 3 415 285 -7.32199866678 -9.44853932214
1751 1 1 415 295 9.90060742019 7.43125888569
1752 2 5 415 305 -6.10463316912 5.90233248807
1753 1 4 415 315 2.89395437569 2.23824355257
1754 2 2 415 325 -9.04363868753 5.66699819093
1755 1 3 415 335 8.08340737959 -2.55264251408
1756 3 2 415 345 -5.35820566581 5.33199053775
1757 2 5 415 355 1.48469094731 -6.59418084253
1758 1 3 415 365 -2.47455012427 3.88424193757
1759 1 2 415 375 -5.96492017774 -0.334947772488
1760 1 4 415 385 -3.93790801836 4.62412356141
1761 1 1 415 395 8.17191948256 5.73353668976
1762 2 1 415 405 1.34149339117 0.484322702633
1763 1 4 415 415 -0.910147179594 -5.38129386298
