70 70 49
0.001 1 1
0 1 3 5 5 1.34694348665 6.77584765812
1 1 4 5 15 -5.38366871504 -6.38088022507
2 3 3 5 25 -3.22593701275 6.91159840957
3 3 4 5 35 -6.91628406553 1.2298361067
4 1 2 5 45 -3.43549272396 -4.59408384363
5 1 2 5 55 9.47998804356 -2.27475473731
6 2 3 5 65 5.81233670509 5.95569884971
7 3 3 15 5 -8.12355377697 -5.01412239749
8 3 3 15 15 3.72419696643 -9.4115346658
9 1 3 15 25 0.103300578643 -4.56996611287
10 3 4 15 35 9.36665017084 -4.03141867978
11 2 2 15 45 -7.06970932379 -6.60241000644
12 3 4 15 55 -1.77647602832 0.847776255572
13 1 1 15 65 1.23921413029 8.33301176827
14 1 1 25 5 -4.45693149757 1.40339618916
15 3 4 25 15 2.57019880698 7.26300449559
16 1 2 25 25 -4.89876633683 5.09140648863
17 2 5 25 35 -8.38622358078 5.39198429008
18 2 4 25 45 5.46587242589 -1.94577402298
19 2 1 25 55 6.86938045445 3.1173201094
20 2 2 25 65 4.70533241743 4.41483806012
21 3 4 35 5 6.37700054354 -7.21841494961
22 2 1 35 15 -6.37565154071 3.66989582353
23 3 4 35 25 9.18980967609 -1.51762287686
24 3 3 35 35 -9.43596546325 -5.61846381956
25 1 1 35 45 9.70147581647 4.09883208605
26 1 3 35 55 3.74369749044 -2.15789504461
27 2 1 35 65 -3.81974631929 0.379417947205
28 1 5 45 5 8.82067797136 -2.7772961528
29 2 2 45 15 4.34934572409 4.81590652924
30 1 2 45 25 9.55644279936 8.34971842115
31 2 5 45 35 -7.19753358506 8.89691874154
32 3 3 45 45 -7.76565484734 -7.01043836556
33 2 3 45 55 -0.158855161349 -5.48132305783
34 2 1 45 65 7.15119430045 -0.558539157032
35 3 2 55 5 7.88863564832 8.01704931051
36 3 4 55 15 4.18714360073 -6.75232709828
37 3 2 55 25 -6.16326026876 -6.58936832804
38 3 5 55 35 8.9733049069 1.03484634188
39 2 4 55 45 -2.40911805132 6.67637753662
40 1 2 55 55 -6.18595244459 0.342825263927
41 1 3 55 65 7.3083995837 0.722372863365
42 3 5 65 5 2.72688564566 1.61939836849
43 2 4 65 15 -8.30108558146 -3.53333700725
44 2 3 65 25 -6.64300476259 4.15412241828
45 2 2 65 35 1.74456337001 -7.68021972189
46 3 4 65 45 -4.36182518751 0.0719633552745
47 1 5 65 55 -6.03181391539 4.3773446649
48 2 1 65 65 9.9948237392 -0.446688055434
