100 100 100
0.001 1 1
0 3 3 5 5 3.20702425411 5.07077058542
1 3 4 5 15 -7.10255423312 9.20614887153
2 1 4 5 25 9.35158177792 3.49312711481
3 3 2 5 35 -1.67661665592 -4.6048154302
4 1 5 5 45 -9.15269289437 -2.19182268472
5 2 1 5 55 0.428052356907 7.64980600225
6 3 2 5 65 5.23075690454 9.88316368436
7 1 2 5 75 4.45005436348 0.122469825008
8 2 4 5 85 -0.187911209637 -5.3382761038
9 2 3 5 95 3.0399399037 3.72985236542
10 3 4 15 5 -6.82424994021 0.647658776131
11 1 1 15 15 -3.19831379802 -6.9960343922
12 2 3 15 25 -5.41350719907 8.4722089864
13 2 3 15 35 4.65726427055 8.3126120131
14 2 2 15 45 -9.68582493377 7.1635804778
15 2 4 15 55 6.730913562 -4.06305044652
16 2 3 15 65 1.43524936139 -8.93346285163
17 1 3 15 75 5.47874088628 -5.1805626688
18 2 4 15 85 -0.681795413289 -0.0975657184054
19 3 3 15 95 7.19051808133 2.17473014361
20 1 5 25 5 -7.57064647965 -1.07474512179
21 2 3 25 15 -2.40199536304 -2.09640535363
22 3 3 25 25 7.08707466809 2.5106376528
23 2 5 25 35 4.43108483486 -9.12365390405
24 1 4 25 45 -1.58245291866 4.7499930301
25 1 3 25 55 3.02783047408 -8.56780478838
26 3 3 25 65 -6.77491183909 -6.67957145955
27 1 4 25 75 -8.98824876685 -8.58986268024
28 3 3 25 85 -9.93820110873 4.83698944483
29 2 4 25 95 -1.86727504953 -7.46533470136
30 2 3 35 5 -9.63225673586 -7.75288653886
31 2 5 35 15 -4.84528042684 7.96488294539
32 1 5 35 25 3.90377161833 8.29326815228
33 2 5 35 35 6.04446042528 -9.95089324006
34 3 5 35 45 0.72992419675 2.01796289224
35 1 3 35 55 9.78508493959 1.56350635655
36 1 1 35 65 5.61385273819 9.50729380829
37 1 2 35 75 -1.63954168906 -6.75290847297
38 1 1 35 85 9.14024819467 -6.33083503149
39 2 5 35 95 -0.302546457647 5.59726081513
40 3 3 45 5 8.65498254363 -8.4812806133
41 1 5 45 15 8.4187004444 -9.36532495709
42 2 3 45 25 9.88539152652 0.181103617682
43 2 2 45 35 -2.12681278395 9.64978096707
44 3 4 45 45 -6.97692559231 9.19738302515
45 3 3 45 55 7.99118713426 -6.0696237793
46 3 3 45 65 2.97526597495 -0.298496044764
47 1 3 45 75 -0.729277520853 9.25373259221
48 3 5 45 85 6.12210745053 2.80626923383
49 2 4 45 95 -6.58723472159 0.258947785427
50 2 4 55 5 9.93966361766 -1.91221944355
51 2 1 55 15 -6.67143193642 -5.26604844611
52 3 5 55 25 5.10666495223 -0.564902715515
53 3 3 55 35 -9.43392920112 -3.12432131556
54 2 4 55 45 3.657853736 1.96792993881
55 3 4 55 55 -9.74735415764 9.80455001672
56 2 2 55 65 -1.79840492445 9.93458494757
57 2 4 55 75 -9.80287731923 -8.84203069715
58 1 5 55 85 -9.55589586743 -8.04320323147
59 2 3 55 95 4.93163352065 -7.66758151509
60 3 5 65 5 -7.74579415782 6.64364523371
61 2 5 65 15 -8.54414007083 -1.73313613533
62 2 3 65 25 -7.35722756697 9.22240496084
63 1 1 65 35 -4.32591028988 -2.05950865501
64 1 4 65 45 -4.97518306223 -4.48806340299
65 2 1 65 55 7.2355272315 -0.0182079366048
66 2 1 65 65 6.43298674122 5.19547123155
67 3 5 65 75 -7.14752970211 -9.46106382955
68 3 1 65 85 -8.78726340329 -4.94632020254
69 1 5 65 95 -5.98653423129 -9.64844884775
70 1 4 75 5 -1.73892563861 1.25407428771
71 3 1 75 15 -4.87183688528 5.8599855342
72 1 1 75 25 8.87195242922 7.49057590182
73 2 5 75 35 5.31705465727 -3.60632951155
74 1 3 75 45 7.70926637046 -1.58295276513
75 1 2 75 55 -5.25194667765 4.05911683789
76 1 5 75 65 7.9315793128 1.49627436339
77 1 1 75 75 -9.33380291157 7.1698593298
78 2 5 75 85 -7.47699960301 -6.84769133817
79 1 1 75 95 3.10963425351 6.23815868159
80 3 4 85 5 7.20680058472 -9.96398777846
81 2 1 85 15 -2.38596105778 -6.48181435924
82 1 2 85 25 6.9792427545 6.50723255942
83 1 5 85 35 3.02909024273 1.06629422972
84 1 2 85 45 4.25488785948 -2.23659614003
85 1 3 85 55 0.657767681668 3.98984436466
86 2 2 85 65 -5.55077049353 6.31920066528
87 1 5 85 75 -1.76382473091 -0.216089213925
88 3 5 85 85 1.85478442524 -5.69574129751
89 2 5 85 95 -6.92487786672 -1.5574653002
90 3 3 95 5 6.61270147997 3.78724945889
91 1 1 95 15 -3.4663499509 -0.13043030182
92 3 2 95 25 2.74590377967 -0.788201395059
93 2 5 95 35 2.73645428353 6.31740626444
94 2 3 95 45 -1.54612662812 5.42472919827
95 1 3 95 55 1.06652713257 5.90047051314
96 2 4 95 65 8.5171349204 -8.86166796345
97 3 2 95 75 7.35426057403 4.43636168821
98 1 5 95 85 6.95046790871 0.950484246825
99 3 1 95 95 6.37896934649 -5.17286980343
