350 350 1225
0.001 1 1
0 3 4 5 5 3.62163810426 -0.478744233459
1 3 4 5 15 -2.00947707194 -0.958294337567
2 1 4 5 25 -9.30956781109 2.83878065355
3 2 4 5 35 4.99949104531 9.77815549511
4 3 1 5 45 -3.75321625605 1.96499714468
5 2 4 5 55 7.54981171424 -2.8653818797
6 3 2 5 65 -8.50243639162 5.53123784129
7 1 4 5 75 -8.2205072404 1.36299952303
8 3 1 5 85 0.0979406707279 5.14308025804
9 3 2 5 95 -3.42822673958 -1.12095920229
10 2 5 5 105 1.93298079572 5.08883612319
11 3 3 5 115 -3.53986290191 6.35859708675
12 1 4 5 125 -7.70013485602 -8.41615605653
13 2 1 5 135 3.12350941049 -1.06543917694
14 2 3 5 145 7.90201018712 8.57702299184
15 3 5 5 155 9.23419716115 -5.7478718274
16 3 4 5 165 3.50335460951 4.17146800324
17 2 4 5 175 -3.43709453692 -1.74446213501
18 1 2 5 185 -0.349520991203 3.05175547419
19 3 3 5 195 3.0718198641 9.80069241081
20 1 5 5 205 0.0633887927542 2.81316484676
21 1 5 5 215 -5.24676896624 4.93530973789
22 2 5 5 225 7.59095695686 -4.19736799296
23 2 4 5 235 -0.0333889305571 3.99642532544
24 3 3 5 245 5.8621233604 -5.91504239096
25 3 3 5 255 -3.05258034602 7.43643712016
26 2 4 5 265 -8.32620255805 -4.00156549378
27 3 5 5 275 6.7378035845 2.20671743125
28 1 5 5 285 7.24478073913 -9.59526968095
29 1 3 5 295 1.07485098537 9.16700168691
30 1 2 5 305 -7.66676082237 8.27540576797
31 1 4 5 315 9.22326627209 9.60598906606
32 3 2 5 325 -1.79657334745 -4.11831358269
33 2 3 5 335 1.57446719929 4.59922223601
34 1 2 5 345 9.26359201308 -1.45222867357
35 2 5 15 5 -3.34032033396 9.80951877951
36 2 5 15 15 0.700703133577 9.15576142355
37 2 5 15 25 -8.58576251279 -1.8795897792
38 2 3 15 35 9.374998551 -0.292605060015
39 3 3 15 45 -1.63591220944 2.52695799353
40 3 2 15 55 7.80716523719 2.41449030915
41 1 4 15 65 1.0677873149 -7.15888746649
42 1 2 15 75 7.71434776999 7.14869881857
43 3 4 15 85 -0.101520780573 6.36592122393
44 1 4 15 95 3.0030654742 -5.48690950873
45 1 2 15 105 6.92445074402 3.95687548008
46 1 2 15 115 -1.69437459772 -0.700718593106
47 2 3 15 125 -6.12999194292 -4.36318023301
48 3 5 15 135 1.74652822657 -3.55165688014
49 1 4 15 145 -4.84604117934 -6.57151380461
50 2 3 15 155 6.56273077818 -6.52440733887
51 1 1 15 165 -4.13392335431 -3.47784965664
52 3 1 15 175 8.54132828961 6.51249187321
53 2 1 15 185 2.45792510611 -9.78848462646
54 2 1 15 195 -6.64085675776 -6.77276665752
55 2 1 15 205 0.345703931193 -8.90765319487
56 3 1 15 215 2.83223016837 -2.0839025397
57 1 4 15 225 8.11318725125 -6.90047121801
58 3 5 15 235 4.66896793209 1.46362880105
59 1 3 15 245 1.99683197665 -8.20894353199
60 3 5 15 255 0.598687437429 -8.88700032804
61 2 4 15 265 3.26609929674 -0.374480948676
62 3 1 15 275 4.20179969324 9.81554857716
63 2 1 15 285 -8.33981541738 5.36123049007
64 2 1 15 295 1.19579152886 3.20899552548
65 1 2 15 305 6.04635570779 -7.28198805968
66 3 3 15 315 -9.6004896648 5.40255005949
67 3 4 15 325 -2.83719838203 -7.0804565077
68 1 5 15 335 -5.64385457117 -8.54116366085
69 2 2 15 345 -7.01829357683 3.78865486118
70 3 2 25 5 9.32657402729 4.233639836
71 1 5 25 15 -8.93596207089 2.49563065159
72 3 5 25 25 -1.70353947597 -5.0619681601
73 2 2 25 35 2.59427058217 1.57570862776
74 3 2 25 45 0.0891380226717 2.03689983494
75 1 5 25 55 1.8235236188 -4.50843374584
76 1 1 25 65 -6.4536258698 1.84794300938
77 3 1 25 75 9.0600658716 8.58421828406
78 2 1 25 85 -5.89552212672 3.69249654521
79 3 1 25 95 -7.85871160117 -4.88561631326
80 2 3 25 105 8.0474162053 -9.51093367492
81 3 2 25 115 -2.78977148343 -9.43032814954
82 3 4 25 125 1.29849111514 -4.71831995871
83 2 3 25 135 -5.98732209742 3.93962545796
84 2 2 25 145 -8.58445080516 -6.29951388433
85 1 2 25 155 8.96335883114 3.99063949345
86 2 4 25 165 5.60072641725 -3.94091243166
87 1 5 25 175 -4.90875245066 0.0002969299992
88 2 4 25 185 -5.76549077294 0.526854636528
89 1 3 25 195 -2.63456942366 1.07954612771
90 3 1 25 205 6.98037755101 5.64925233794
91 3 2 25 215 -5.66456098125 5.94680916891
92 3 1 25 225 -4.05905906102 6.48572759454
93 2 5 25 235 4.96838671553 3.82132207571
94 3 1 25 245 -7.62657330177 0.66087514349
95 3 1 25 255 -1.09433020405 -0.965140204873
96 2 3 25 265 7.23466350783 6.38442057449
97 2 1 25 275 -8.37251244575 -6.86310869458
98 3 2 25 285 -0.462943203361 -7.55132258784
99 1 1 25 295 8.57409957466 2.29883005368
100 1 3 25 305 9.13845624886 7.49665411064
101 3 1 25 315 -9.84337871534 6.39218047318
102 1 3 25 325 7.0512996936 -4.70098176228
103 2 1 25 335 0.726787039709 -2.29275318021
104 2 1 25 345 -4.67470907449 -8.57346931165
105 2 5 35 5 5.71493950299 -3.58640160304
106 1 4 35 15 -8.78753008618 0.737340324225
107 3 5 35 25 -2.40092102708 8.88932665876
108 1 4 35 35 6.35080408258 -9.63905906866
109 1 1 35 45 -0.343702431133 3.86774383889
110 1 2 35 55 -2.8547502147 9.79609042062
111 3 1 35 65 7.0057945582 -6.53452794314
112 2 5 35 75 2.7687486805 -8.61842497625
113 1 3 35 85 4.28190352045 -5.01678104855
114 3 4 35 95 -4.61849920247 4.62654602333
115 2 5 35 105 -6.21283368851 6.08561488067
116 1 4 35 115 -9.95505439105 -9.32215220693
117 3 1 35 125 5.48163577073 -4.11478419596
118 2 2 35 135 7.48310663648 -7.37646803073
119 3 5 35 145 -4.75994378843 6.51690200117
120 3 5 35 155 5.63476128664 9.50321350198
121 3 1 35 165 -7.28515521614 8.41311014839
122 3 5 35 175 -8.58603032082 -1.93352316379
123 1 5 35 185 4.44222578192 6.8239787301
124 3 4 35 195 -0.286193498558 7.40222739023
125 1 2 35 205 -2.72763517772 -3.70202313167
126 3 3 35 215 -0.626747980617 -6.05809779189
127 2 1 35 225 3.17497349989 1.10677598306
128 3 2 35 235 8.62557610324 3.89421986334
129 1 2 35 245 2.48267169426 -2.48265728326
130 1 1 35 255 3.31450665316 3.52105404365
131 1 5 35 265 1.31647329434 -0.801803011567
132 1 2 35 275 6.47935099355 1.7948337566
133 2 1 35 285 -6.72780874149 -7.31097368859
134 1 2 35 295 -9.86282950757 -3.7066667741
135 2 2 35 305 -3.47867905162 1.33411126284
136 1 1 35 315 -9.73564862266 -8.01586948781
137 1 5 35 325 6.11723840898 -5.41702387347
138 2 5 35 335 3.18708985763 2.66123755007
139 1 2 35 345 -8.76763167616 8.66880679129
140 3 2 45 5 -7.76620582411 -6.90530631958
141 2 3 45 15 -4.20999925058 7.83051871208
142 3 4 45 25 1.2841545354 0.152864731364
143 2 3 45 35 -1.72780457807 -1.4569042104
144 1 3 45 45 8.81045539653 3.64751709611
145 3 5 45 55 3.65502714589 8.68047775399
146 1 5 45 65 -9.3626819767 6.95173696416
147 3 1 45 75 -9.60254126732 -4.88455442472
148 3 3 45 85 2.41417919574 0.474322116781
149 3 4 45 95 5.48057403026 -8.50968108579
150 1 1 45 105 -5.52439846345 5.70947717202
151 3 1 45 115 -3.63422188574 4.17890210232
152 2 5 45 125 6.20983013751 -5.08588404443
153 1 4 45 135 -8.32992588413 -4.49372258733
154 1 1 45 145 -6.90583824689 9.44400506867
155 1 4 45 155 7.80561879853 -4.83374614665
156 3 1 45 165 -0.586430218793 4.61783228159
157 3 2 45 175 -5.97989303294 -0.254759543538
158 1 4 45 185 7.83613285813 2.04764486684
159 3 2 45 195 -9.4389810801 -1.28330679561
160 2 2 45 205 -7.47940686776 -1.28394504019
161 2 3 45 215 2.00094420008 2.76763931017
162 3 1 45 225 7.85753641103 0.451513827712
163 2 5 45 235 -1.35154767046 2.82388419881
164 2 1 45 245 6.11320176171 8.00010164002
165 1 2 45 255 6.82653867687 -6.98474052678
166 1 3 45 265 9.14521336101 -4.70864702959
167 1 4 45 275 5.65555598283 3.8132634902
168 3 3 45 285 -0.942594197754 3.23557781387
169 2 5 45 295 -8.23477728155 -1.99613689475
170 1 4 45 305 -5.98233502329 -6.41507062783
171 1 2 45 315 4.85535769855 -1.10611411083
172 1 3 45 325 -8.32552230108 -1.0495742196
173 3 5 45 335 -9.46125868599 -4.5625984679
174 3 4 45 345 4.14678784185 4.45517453431
175 2 2 55 5 -9.83894864382 -7.60676178263
176 3 5 55 15 1.82330904848 0.534551905528
177 1 3 55 25 1.08397536936 -0.265223242706
178 1 1 55 35 -3.32703194453 -6.46855647291
179 3 5 55 45 -3.61756472939 8.38520590793
180 3 3 55 55 -4.8921626669 5.54987291822
181 3 1 55 65 9.52817846019 -3.50330788968
182 2 4 55 75 -4.47409902538 7.80373272393
183 3 1 55 85 -7.1119881291 6.91310437128
184 3 3 55 95 9.57252340832 9.11275457905
185 2 5 55 105 -6.80849628458 -4.09830952379
186 1 1 55 115 -9.0725935388 1.44807510722
187 2 3 55 125 3.49647296704 3.96388779245
188 1 1 55 135 -2.70412106243 9.76902678667
189 3 1 55 145 6.37853190174 -7.30088119274
190 1 4 55 155 9.88450549857 9.93531207731
191 2 5 55 165 -6.42117658153 -7.41759535959
192 3 2 55 175 -0.371994812702 9.61649055173
193 1 1 55 185 -8.77045128033 -1.38842566434
194 3 5 55 195 -5.74791765972 4.47752056899
195 2 5 55 205 -4.61893887928 -4.42734913967
196 2 1 55 215 -3.25090307899 -7.88649210937
197 1 4 55 225 -4.46203325807 -7.53016248125
198 1 3 55 235 -3.74227307131 -0.405722447186
199 3 4 55 245 -3.44864105966 0.421666788475
200 3 1 55 255 4.29532758755 9.22925215749
201 2 4 55 265 -4.34496776158 -5.06267715648
202 2 5 55 275 -1.87027467594 6.82781337177
203 1 2 55 285 8.65755602395 5.87167168699
204 2 5 55 295 -7.00290299856 0.335033644005
205 3 5 55 305 8.70874431999 -0.0926223866466
206 3 5 55 315 6.42880177556 7.43264997511
207 2 3 55 325 5.91343778984 -1.88854099641
208 2 4 55 335 0.542266915071 -0.638895004407
209 3 1 55 345 9.73884424833 9.70432131902
210 1 1 65 5 8.54047522117 5.5204569765
211 3 2 65 15 9.51195310382 -3.57832960382
212 2 5 65 25 -6.97363378454 7.99662248377
213 1 1 65 35 -2.04462250941 6.29702316208
214 2 4 65 45 3.29965635448 1.73778148754
215 3 1 65 55 7.55914150132 -6.27291380421
216 2 5 65 65 -9.21154908267 -8.95384867694
217 1 4 65 75 -0.203719427764 -9.07809791385
218 1 1 65 85 -0.144481031935 -1.07460646081
219 2 4 65 95 -6.96234405317 -8.80019001007
220 1 4 65 105 -4.96233878457 -6.53446729135
221 1 4 65 115 7.98709977398 1.47823059137
222 3 3 65 125 -4.37180121559 -9.44140811057
223 2 1 65 135 4.03349615127 -8.50064668558
224 2 2 65 145 0.0136047424845 6.61912091537
225 1 3 65 155 -9.62621304301 -6.53856263175
226 3 3 65 165 -7.05749523088 -4.15195290726
227 1 1 65 175 -6.12381107395 -0.672095395302
228 2 3 65 185 -2.57865333213 0.290144603882
229 1 3 65 195 8.04302802611 2.3817305996
230 3 3 65 205 3.21383060716 -4.78167156756
231 1 4 65 215 -6.15479087859 -4.55990863482
232 3 1 65 225 -7.5847820589 -6.35545827353
233 3 5 65 235 9.67496210217 -5.86009553809
234 1 3 65 245 -4.67838680682 -5.85732444691
235 3 2 65 255 -2.52983102606 -5.40760050702
236 3 1 65 265 8.08840818437 -4.27022199033
237 1 1 65 275 -8.95687623764 -6.10596417142
238 2 1 65 285 -2.01690331838 -3.80862070161
239 1 4 65 295 2.07446764019 4.70542026253
240 2 4 65 305 5.62347079445 1.2681597806
241 2 4 65 315 -8.18774541458 -6.05752549105
242 1 1 65 325 -0.996723761956 -2.44822763051
243 1 4 65 335 -3.9360006284 3.99793023421
244 1 2 65 345 4.57347191385 -4.30386602347
245 3 5 75 5 -1.96575855953 5.25720241378
246 2 1 75 15 0.245310416799 6.60849858901
247 3 5 75 25 7.92884292696 6.83433322359
248 3 3 75 35 -4.18957096527 -8.74839757353
249 1 3 75 45 -0.842664895361 3.08532328429
250 1 4 75 55 -1.8171523558 4.85027051946
251 1 5 75 65 0.374212960558 -3.74167079438
252 1 3 75 75 -2.45232787354 5.65878078126
253 2 3 75 85 3.85170801866 -4.25758818341
254 1 3 75 95 8.87731565681 -7.9423698864
255 1 1 75 105 8.28585594238 7.66064033839
256 3 4 75 115 0.0688092261868 9.13501717009
257 1 5 75 125 4.21366644963 -7.61448839186
258 3 1 75 135 5.03229495572 -5.36830403882
259 2 3 75 145 0.259156382779 -9.67009514812
260 1 3 75 155 6.91546962231 -6.69939433377
261 3 3 75 165 5.0014719447 -4.33062865664
262 1 1 75 175 -6.64126826896 -1.14660020558
263 1 1 75 185 0.651770848733 -5.99191426285
264 3 4 75 195 -7.45391096741 -7.04559165289
265 3 3 75 205 -6.78013251938 -3.13028468618
266 2 3 75 215 1.57849335335 -3.05970008477
267 1 3 75 225 8.37281759757 -7.28082851601
268 3 3 75 235 8.56717913747 -1.79487771175
269 3 3 75 245 1.90362296557 3.80729034093
270 2 5 75 255 -8.7396542629 3.14619169715
271 2 5 75 265 9.2163419966 7.69718338597
272 1 4 75 275 -2.52069302733 6.11016132691
273 3 5 75 285 -5.34762267671 9.53038441273
274 1 3 75 295 7.10622911463 -3.70793665449
275 3 1 75 305 3.76760333749 2.65593344536
276 2 2 75 315 -3.67545688768 -3.01196281959
277 2 1 75 325 6.4827677754 3.82995804626
278 1 5 75 335 5.87082319606 8.95819916987
279 1 3 75 345 3.62171488435 -6.15264504651
280 1 2 85 5 9.89482450712 7.68671246526
281 3 4 85 15 8.42905682878 1.40801090199
282 3 3 85 25 8.11896231352 -2.01991856019
283 1 3 85 35 3.91957575972 -1.85793709477
284 1 3 85 45 3.4104062835 6.49582139995
285 2 4 85 55 1.44745597652 -8.85378987096
286 3 2 85 65 -6.42168480295 -0.33154817854
287 1 1 85 75 -9.56082815424 8.92458554455
288 1 2 85 85 -7.87381140127 9.71261385077
289 1 5 85 95 -1.11199829412 -4.5798258788
290 3 3 85 105 -6.5293525172 -1.04950419551
291 1 3 85 115 9.59858743656 6.8600761091
292 3 4 85 125 1.09664952191 0.647416780793
293 3 5 85 135 -4.194850349 6.03616781473
294 3 3 85 145 -3.39418144212 6.17263363533
295 1 3 85 155 -3.05486286225 9.35827553548
296 3 5 85 165 7.96754521528 -2.7815617412
297 2 5 85 175 -5.88610322577 7.52461195979
298 1 1 85 185 -7.99382985008 -9.77463706151
299 1 1 85 195 -4.56347067711 -4.96251134058
300 2 2 85 205 9.72676794728 2.31326586899
301 1 4 85 215 7.11598134303 -4.85275575631
302 3 1 85 225 -8.56973173935 9.71475721897
303 2 4 85 235 -1.92489258167 -9.80471653857
304 3 2 85 245 0.997524346284 -1.84438101682
305 1 4 85 255 -0.0411900736419 -4.11673362665
306 2 3 85 265 1.30412923659 -4.66529109297
307 3 1 85 275 -9.39599172735 -6.34038851127
308 1 3 85 285 -5.05350224987 -4.42672790363
309 1 4 85 295 -7.94586593181 6.18398167646
310 2 5 85 305 3.14990511482 -6.88296918087
311 3 4 85 315 0.936930821465 6.61301651936
312 2 2 85 325 3.51565545751 -4.73555303448
313 1 3 85 335 -5.94080750482 7.43720232923
314 3 1 85 345 -1.85151321284 5.1311665118
315 3 2 95 5 -9.92163159107 1.93622454349
316 3 3 95 15 1.53756907954 -0.695136641123
317 3 5 95 25 3.11188668832 -3.11038706601
318 2 4 95 35 2.40179820213 8.85986262763
319 1 1 95 45 3.88698804737 -5.25852191966
320 2 1 95 55 -9.27267611063 2.80693838157
321 1 1 95 65 -5.93741109215 -4.31805417799
322 3 4 95 75 -0.0425717102948 -5.75901495188
323 1 2 95 85 -4.80493297784 -7.79309038094
324 1 4 95 95 6.63743569479 -8.73547115269
325 3 1 95 105 3.22927509996 -1.25553106859
326 2 5 95 115 2.47968256272 -6.09241890891
327 1 5 95 125 3.87137640082 1.53428494874
328 3 3 95 135 4.6214484071 -3.11153804619
329 2 3 95 145 6.16089401061 7.80653051237
330 1 1 95 155 -8.5778240227 -9.37634785652
331 3 1 95 165 6.96119441162 -1.7144783521
332 2 5 95 175 -7.63406004772 -1.52335903347
333 1 2 95 185 7.8020418374 5.54407306615
334 3 5 95 195 2.34838521688 -1.62796142215
335 1 5 95 205 4.00346754183 9.90552367428
336 2 2 95 215 4.86406906604 -1.47339409922
337 2 3 95 225 9.94133919296 5.46533305508
338 1 1 95 235 1.676956379 -8.81048067121
339 1 2 95 245 5.92435198438 6.30409334927
340 1 5 95 255 -6.08449440297 -4.30933787736
341 1 1 95 265 0.32383001635 -2.18565123415
342 2 2 95 275 -0.164186225007 9.706648549
343 2 2 95 285 -0.597931690447 7.53965709064
344 3 5 95 295 0.315415656239 8.37331039921
345 3 2 95 305 4.62351034386 -5.85516917715
346 3 4 95 315 7.1311580837 -1.41585551662
347 2 1 95 325 -2.81595444991 6.23643387335
348 2 5 95 335 9.14665995981 -6.75529823211
349 1 4 95 345 4.29189881938 -7.61483853053
350 3 3 105 5 -9.86012377191 -1.09282810733
351 1 5 105 15 4.37131629486 1.01158847405
352 2 4 105 25 -0.384522587332 -1.16214665279
353 3 3 105 35 6.77600820329 6.29410503842
354 1 5 105 45 8.33812140675 -2.03350702068
355 1 3 105 55 -1.02238372348 -6.64055884949
356 2 5 105 65 5.57966979804 -8.90772778097
357 3 1 105 75 3.39313952744 -7.18599426346
358 1 3 105 85 -3.4913978057 2.90906283273
359 2 2 105 95 -4.24837402556 -8.12911135967
360 3 1 105 105 7.26734170161 -8.53227270023
361 1 5 105 115 -5.20599256505 6.37073635996
362 1 1 105 125 -9.04964568069 9.72196438431
363 3 1 105 135 -2.6728396626 0.550437382257
364 3 3 105 145 1.39538663681 -4.65730833296
365 1 3 105 155 -2.30323873032 4.83295715297
366 2 3 105 165 2.50898675746 -4.33289632221
367 2 3 105 175 -3.75234527659 2.10343826893
368 2 5 105 185 -8.7229296636 5.95825465207
369 2 4 105 195 9.69679643641 7.64367510814
370 3 2 105 205 9.33799193562 8.35586959235
371 3 4 105 215 2.02572247002 -6.07858648558
372 1 4 105 225 1.45252154682 4.29765255965
373 3 2 105 235 9.05936457178 -4.48736524101
374 1 1 105 245 0.943434411341 7.06805641111
375 3 5 105 255 6.44966281504 -9.65316280133
376 1 3 105 265 -9.68022222765 8.50538925201
377 2 4 105 275 -7.06915368788 7.83366696838
378 2 3 105 285 9.8396936701 5.86131928489
379 2 3 105 295 -0.806108810013 6.75770757809
380 3 5 105 305 -8.88948401161 2.5303903008
381 3 4 105 315 -1.99431989702 5.26824497481
382 2 2 105 325 8.42060689766 2.54507919416
383 2 2 105 335 1.7631558046 1.92410411653
384 3 2 105 345 -6.34863246641 4.01426533328
385 3 2 115 5 -6.86155496522 1.47294009695
386 2 1 115 15 8.14373474503 7.49720601187
387 3 3 115 25 3.10238725897 9.92628952411
388 2 3 115 35 -6.88996236683 5.8269378475
389 1 3 115 45 -2.68960677291 -6.19515282189
390 2 3 115 55 6.13944631601 -3.78509183404
391 2 2 115 65 -1.03236749205 6.755078589
392 2 4 115 75 3.0352657594 3.85581663467
393 1 4 115 85 -3.62255498664 -4.16663139546
394 1 2 115 95 -6.77359315221 -6.37930939775
395 3 4 115 105 1.25946924174 0.17483557033
396 2 3 115 115 4.92314420613 -5.75055810054
397 1 2 115 125 -2.31526641121 -1.49626791752
398 2 1 115 135 -2.03410769166 -8.72607476726
399 3 1 115 145 -5.87050842146 -1.29496065884
400 3 2 115 155 0.994716811884 -5.5236453657
401 2 5 115 165 -7.46172569535 -5.65222199091
402 3 2 115 175 -1.77187595922 5.9160889782
403 1 2 115 185 -9.63067738688 0.934129393591
404 3 4 115 195 -6.29092722149 -7.11237227137
405 3 4 115 205 -6.69272353091 -5.71339570351
406 2 5 115 215 -1.40635554658 0.705220503781
407 2 3 115 225 -6.30055943606 -2.13510989825
408 3 5 115 235 1.01178235045 4.00588169647
409 3 4 115 245 -6.9340913268 7.3547434227
410 3 4 115 255 0.359141611058 -8.94607507491
411 3 5 115 265 2.02749492215 -6.85731614858
412 2 4 115 275 -1.54311703111 5.24968291306
413 1 3 115 285 -5.73011345626 -2.01239279592
414 1 3 115 295 3.75566011533 -5.73523907724
415 2 3 115 305 6.46246469979 -4.75072576939
416 1 3 115 315 -7.42969763414 1.47342004444
417 1 4 115 325 0.608236443971 0.550397579522
418 1 5 115 335 -6.48384920015 8.21386902024
419 3 4 115 345 9.6391463701 -5.52066425444
420 3 2 125 5 -6.66640075561 5.22182366177
421 2 1 125 15 8.92933281537 9.88141139126
422 1 4 125 25 -9.83887554755 -6.47931264771
423 1 5 125 35 -6.20059760146 9.2421963348
424 3 4 125 45 9.86281639328 -6.01306582086
425 1 4 125 55 5.92693943786 -8.67227478573
426 2 1 125 65 0.865287267118 3.25086686318
427 3 4 125 75 -2.5264986736 5.96137907654
428 3 1 125 85 -2.78205682453 -0.962623156356
429 3 5 125 95 -1.15549515794 -7.38425512536
430 3 4 125 105 3.05802115318 -5.83140421325
431 1 2 125 115 -8.01695833084 8.03124157396
432 2 3 125 125 -3.1137668248 1.01714512393
433 2 2 125 135 -5.21131465798 0.873891864134
434 3 5 125 145 4.6586180766 -0.207990432042
435 2 4 125 155 -6.64133556948 8.91401906005
436 2 5 125 165 -9.49839503303 -0.583353776922
437 2 3 125 175 3.1997481283 -5.12815982899
438 2 5 125 185 7.58474089869 -2.35540784368
439 1 5 125 195 2.97890517806 4.07036611795
440 3 1 125 205 -6.05729550255 4.63782744934
441 2 4 125 215 -2.39237929975 -3.29314776211
442 1 2 125 225 -9.77155180063 4.41350352302
443 2 5 125 235 7.49176900811 -0.771391915641
444 1 4 125 245 6.35016424276 -4.47261654013
445 3 2 125 255 4.16444742109 7.49687847339
446 3 1 125 265 -4.77538410826 -9.84181539645
447 3 4 125 275 -8.51863886843 -1.33578061425
448 1 4 125 285 -1.20148702117 9.64549879849
449 3 5 125 295 -8.26215079408 2.52684647343
450 3 4 125 305 0.12455987644 -0.880749011744
451 2 3 125 315 0.0542369552652 8.3101719688
452 1 1 125 325 2.59336896087 1.36938737235
453 3 1 125 335 -1.27473280865 3.61667750197
454 3 2 125 345 -6.88366306852 -1.53361252521
455 3 4 135 5 2.9811781874 2.72004434976
456 1 4 135 15 3.83616766711 3.39672583226
457 3 2 135 25 -4.90325572605 0.292448219489
458 3 5 135 35 1.98385506656 1.28965032412
459 1 1 135 45 9.59653390283 4.69075554388
460 2 2 135 55 6.75697169776 -6.71625447894
461 3 4 135 65 -1.12549614301 1.93154962091
462 3 1 135 75 6.18585927469 5.63448132725
463 3 3 135 85 -9.43244212686 0.21956224208
464 3 3 135 95 4.32785440156 9.60747774335
465 1 2 135 105 -8.75109877175 2.87144991881
466 1 5 135 115 6.69385951593 -0.32481042771
467 3 2 135 125 9.04419882834 0.48689598198
468 3 1 135 135 -9.31136464633 -4.54579155105
469 2 2 135 145 2.56706224909 -8.63385973025
470 1 1 135 155 4.24609289037 -6.67804489854
471 3 2 135 165 -8.63338451783 -2.37130661197
472 1 2 135 175 -0.93351904668 0.142441933135
473 2 3 135 185 6.231612613 -7.53909090479
474 2 4 135 195 -0.970146378331 4.44708390957
475 2 5 135 205 3.68066947354 7.78911826892
476 3 1 135 215 2.2302101019 -7.26657562791
477 3 4 135 225 -4.11838933062 -7.47337151106
478 1 3 135 235 3.12572249715 1.25908805196
479 1 2 135 245 -3.38747219777 4.76354169948
480 1 2 135 255 -5.08804204543 7.29981787185
481 3 1 135 265 4.71725328716 -0.319194781772
482 3 3 135 275 8.00867761297 -5.98611612733
483 3 3 135 285 0.808596961134 -9.57939195122
484 1 3 135 295 0.996619324017 3.95228814647
485 1 5 135 305 -2.46118038594 4.97402626896
486 1 5 135 315 -6.96473018066 3.8364892538
487 2 2 135 325 0.189106172135 1.68986915746
488 1 3 135 335 -9.63891940736 7.41794333976
489 3 4 135 345 3.54938073941 -3.89964062825
490 1 3 145 5 6.14129967487 -6.19120757191
491 3 2 145 15 7.34789115607 -1.86272584351
492 1 3 145 25 0.178182995691 0.197727512382
493 1 2 145 35 -4.21451793253 -8.45479061391
494 2 5 145 45 0.470366406223 9.9579365062
495 1 5 145 55 0.860722132688 -9.78441689487
496 2 4 145 65 -8.13631270936 -3.9657016863
497 3 5 145 75 2.39500764725 7.63285847461
498 2 3 145 85 -0.400727508339 -3.60442723843
499 2 1 145 95 -6.56077687098 -3.26898327295
500 2 2 145 105 3.2725103346 -2.08428236275
501 2 2 145 115 -3.33366195954 9.63518416826
502 3 4 145 125 -5.16293436836 -2.7004236875
503 2 1 145 135 -4.56680602105 1.45739890844
504 2 5 145 145 5.11927586733 6.79827491158
505 2 3 145 155 -7.58185460612 4.3215340147
506 1 1 145 165 7.53226138326 -1.04586511143
507 2 2 145 175 8.87266014845 -5.89325820157
508 3 3 145 185 -3.54756346621 3.99317406868
509 3 3 145 195 -2.06788963422 4.84520514034
510 2 4 145 205 4.94012096679 8.55828866234
511 2 4 145 215 4.64121005026 8.96758502573
512 3 2 145 225 8.75911044445 2.59789742658
513 1 3 145 235 0.716251595145 -9.42139128789
514 1 4 145 245 6.20621460411 -0.64536800296
515 2 1 145 255 6.47670523061 7.19328381188
516 1 2 145 265 -7.57712266233 1.0484602575
517 3 4 145 275 -5.74330486078 8.811576442
518 3 5 145 285 5.13525804545 8.60354666614
519 2 4 145 295 7.40004637172 1.11309431932
520 3 5 145 305 -6.79101999448 -8.37721509816
521 3 3 145 315 0.822654847992 3.86938001025
522 3 3 145 325 -7.71837862171 -5.68783454722
523 3 4 145 335 2.95065474893 -5.40680059712
524 2 2 145 345 -8.57884996047 2.6609102853
525 1 4 155 5 5.50197536966 1.14385817259
526 3 3 155 15 5.54985860183 1.62801844412
527 2 4 155 25 7.75587462447 6.74761283944
528 3 4 155 35 4.87529981538 -5.41947854837
529 3 3 155 45 4.77795032042 -7.55763850198
530 1 5 155 55 1.33962200771 -1.56034445768
531 2 4 155 65 -1.00833074914 -2.33309628751
532 2 4 155 75 6.12082482162 -4.39765524719
533 1 3 155 85 7.03043153436 -9.07939165783
534 3 2 155 95 8.92348165538 2.54566954876
535 1 2 155 105 5.41930548089 -1.35159720531
536 1 4 155 115 -7.80831829739 9.51561246406
537 1 4 155 125 2.29307266734 2.64529041786
538 2 3 155 135 0.372097787069 7.04959459674
539 1 4 155 145 0.975547190928 -3.97678566879
540 3 4 155 155 4.66055296652 -8.361244092
541 1 1 155 165 0.743406643004 6.66800065306
542 2 5 155 175 -4.55201902105 -7.24698238818
543 1 4 155 185 3.04058845001 -5.68457387522
544 3 3 155 195 -1.24564364665 -9.86956641348
545 1 5 155 205 0.331038061922 5.81075824507
546 2 3 155 215 7.34093782898 2.25268637356
547 1 1 155 225 9.66713368571 2.92669906977
548 3 2 155 235 -6.64334731787 8.67392483036
549 1 4 155 245 2.77384955197 -5.53975727541
550 1 3 155 255 4.56122305894 1.35639916272
551 1 5 155 265 1.50781228192 0.728088745379
552 2 1 155 275 3.39957407581 1.11120894779
553 1 1 155 285 -6.49964339834 -6.69757521517
554 1 1 155 295 -8.31230559564 -8.09110143678
555 2 1 155 305 -8.32628988935 -1.81745553146
556 3 4 155 315 1.62669936989 6.48406263554
557 3 4 155 325 -7.01695784418 -9.67297862608
558 1 3 155 335 1.05038145892 -0.444091611035
559 3 5 155 345 -8.88207636625 3.76572373099
560 2 2 165 5 -8.97104641671 0.894740774852
561 2 3 165 15 7.29747224694 -8.87298992613
562 1 2 165 25 1.87641445262 4.76812427177
563 1 2 165 35 -2.35326165881 5.76304019129
564 1 2 165 45 4.05711568192 0.528681606355
565 3 5 165 55 2.40464042627 2.14830223997
566 1 5 165 65 -0.683803791436 1.88943835718
567 1 1 165 75 1.61519852901 3.91469929665
568 2 2 165 85 2.7581478442 0.528686483526
569 1 3 165 95 -2.54803207106 3.91928135416
570 2 3 165 105 -4.75805064716 1.19668626216
571 3 5 165 115 -5.48508424325 2.42578927653
572 2 5 165 125 0.837604949031 -7.97765596613
573 1 4 165 135 -1.72606233825 -3.79150105952
574 3 1 165 145 -2.28923650333 -7.32963847952
575 2 5 165 155 -1.21061985278 -3.36598512938
576 1 2 165 165 -0.729462402708 3.28251239082
577 2 4 165 175 8.33089633693 -7.89445249961
578 1 4 165 185 8.33436348511 2.75578844905
579 1 1 165 195 9.17461247878 -5.03660695019
580 2 4 165 205 8.53305721306 -4.26176098999
581 2 2 165 215 4.98638345163 -4.50780486847
582 3 3 165 225 -9.91963878563 4.56018215874
583 2 5 165 235 3.73260147717 -8.89376808927
584 3 2 165 245 -5.63445358561 9.6950046524
585 1 5 165 255 -2.41762569876 2.16723099517
586 2 1 165 265 -0.117712247103 -3.04284132745
587 1 3 165 275 -2.73624287969 7.29738445134
588 3 2 165 285 -5.82556353117 3.98835751798
589 3 4 165 295 -7.54625587219 -4.1856048044
590 1 3 165 305 -1.9428579038 -1.0461267613
591 2 4 165 315 -5.25531818095 2.26753684426
592 3 3 165 325 -8.88325592967 -6.77033065963
593 3 2 165 335 -9.69468655609 -1.57729336107
594 1 1 165 345 2.88457584014 -6.67597897219
595 2 5 175 5 0.487030985826 -4.8712653731
596 1 2 175 15 3.00725855975 8.73563375742
597 2 4 175 25 -2.17881314741 -7.14558572334
598 3 3 175 35 0.089760051757 -6.87310293913
599 3 3 175 45 5.42302646323 7.7780205142
600 1 2 175 55 3.51033990394 -3.56758243893
601 3 2 175 65 -8.3857352268 -5.31860270117
602 1 2 175 75 -9.12953430408 8.19495407909
603 1 5 175 85 -9.02043653531 3.48917741867
604 3 1 175 95 0.887501515324 3.82862214761
605 3 2 175 105 9.53072436788 -5.12375764167
606 3 3 175 115 1.54152107735 6.14157230635
607 1 5 175 125 7.90322039989 4.8012586586
608 1 3 175 135 -3.140351222 9.14627006968
609 2 4 175 145 -5.18299633226 -0.472388026734
610 3 5 175 155 -3.96537328994 1.64516862714
611 1 2 175 165 1.17102767878 -6.81922063315
612 2 5 175 175 -9.91482029179 2.85309625629
613 1 5 175 185 5.22145696676 7.1474455908
614 1 3 175 195 -0.897834049743 6.3836422395
615 3 4 175 205 8.00670259809 -1.84947687216
616 2 2 175 215 7.00907966226 -7.16245034531
617 2 3 175 225 3.68847945889 -8.79543894041
618 3 2 175 235 0.514543849025 0.98994490316
619 2 1 175 245 -6.80546334376 -2.29557045537
620 3 4 175 255 6.18961931129 6.38985622575
621 1 3 175 265 9.10955628637 -7.77566734279
622 2 3 175 275 9.02324871384 9.18252868651
623 2 2 175 285 -4.60244075668 -1.58591566598
624 1 2 175 295 -3.87257980639 -9.89683373746
625 3 5 175 305 -0.404298715072 -3.79973164922
626 2 5 175 315 -5.48697297059 0.209253853232
627 3 2 175 325 -4.07751295667 4.96136255432
628 1 5 175 335 -7.7725010615 -6.14919164403
629 3 1 175 345 -4.52264711496 9.30986541392
630 3 1 185 5 0.543203420535 -9.21344470537
631 1 2 185 15 2.22954309309 6.55840090299
632 2 5 185 25 3.54571877402 -2.47164637659
633 3 3 185 35 6.31888249084 6.18322547682
634 3 2 185 45 0.888032250218 2.1128025791
635 1 1 185 55 -2.69489860414 -6.0869151712
636 1 4 185 65 -2.69072280909 -8.57248104078
637 3 1 185 75 -9.79854977864 6.96104791453
638 3 2 185 85 2.78125621809 7.474478426
639 3 1 185 95 -7.532680126 0.941537268369
640 3 5 185 105 -5.85615240915 6.54408213952
641 1 2 185 115 -6.45385096222 -5.5046357077
642 2 1 185 125 -8.79816342435 -1.69903955709
643 2 1 185 135 8.42278948768 -5.69415079584
644 1 4 185 145 -4.17871096636 5.27252703644
645 2 2 185 155 8.62272792151 7.02722585691
646 3 3 185 165 -9.42268582906 -3.7098188221
647 1 4 185 175 4.02424317184 3.08452516706
648 2 2 185 185 -1.54057596455 0.144621985129
649 2 4 185 195 -4.66669271834 2.91460651068
650 3 5 185 205 0.867501429251 4.87282320627
651 1 3 185 215 4.97508485051 9.2201820757
652 3 1 185 225 4.59851968431 -9.27894564441
653 2 1 185 235 -9.76841698178 -9.34300430483
654 2 5 185 245 -9.86240981525 -7.62121743993
655 1 1 185 255 7.82815759217 4.3992705183
656 2 2 185 265 -8.3500074018 -9.28371325807
657 1 4 185 275 -7.85457912207 -6.06716840621
658 2 3 185 285 -1.23221560104 -1.02911137275
659 2 5 185 295 3.16799016919 -1.01855635715
660 3 1 185 305 -5.78208876604 -4.52438096987
661 3 4 185 315 6.3067016397 -2.86249136727
662 3 5 185 325 -4.55696018552 3.14671830632
663 3 4 185 335 -0.526306639301 9.83407816278
664 2 5 185 345 2.18213760866 -9.63254750901
665 3 2 195 5 9.56963458544 0.832239677854
666 3 3 195 15 2.03592310662 0.94810802547
667 1 2 195 25 -3.42103003291 9.00928827618
668 3 2 195 35 5.18220137561 7.89341718543
669 1 5 195 45 -5.10863303991 6.42149092008
670 2 3 195 55 5.65771586896 7.63737941666
671 2 4 195 65 2.99767894482 0.144324638444
672 2 2 195 75 8.01267170805 8.70163456765
673 2 2 195 85 -0.89691340498 3.83860814809
674 2 4 195 95 -3.26147035689 -5.29122317914
675 1 3 195 105 0.0268659880895 -1.68876410752
676 2 4 195 115 -5.96011114012 3.25528416731
677 2 5 195 125 5.485484014 -1.19592756446
678 2 3 195 135 -2.1917122071 -0.446936431897
679 1 5 195 145 -5.70472639879 -8.326619088
680 2 5 195 155 4.58447652349 0.348347700352
681 1 2 195 165 -3.21685015664 0.140386876702
682 3 4 195 175 -4.73483566489 -4.91162461179
683 1 5 195 185 -9.24022121898 -0.0360539990488
684 1 5 195 195 3.72739158143 -9.92177287526
685 3 3 195 205 -8.50308653483 -8.04957447263
686 2 2 195 215 -9.82475900347 8.85392678715
687 3 2 195 225 7.29626326749 6.03134112065
688 3 1 195 235 -9.06195182022 3.48475101925
689 2 2 195 245 9.77575485584 -1.49560088762
690 1 3 195 255 7.56180275401 -0.98241070553
691 2 3 195 265 -3.81855970347 -1.97323761663
692 2 3 195 275 2.57003765446 2.27370722479
693 2 5 195 285 -9.64213930078 1.89099436871
694 1 5 195 295 -1.44713248686 -7.10268187955
695 1 3 195 305 -5.88162083042 9.97424777797
696 1 4 195 315 1.05798619176 2.19546198602
697 1 4 195 325 -4.04640832567 8.1517863197
698 3 1 195 335 -6.03478513767 -2.05051779352
699 2 1 195 345 -9.19976978023 2.69919193608
700 2 3 205 5 -7.6428298928 3.63529814553
701 3 4 205 15 -3.41953773074 8.61153039889
702 3 5 205 25 9.68695642618 -9.7920143664
703 1 1 205 35 -4.27665907906 9.02452870501
704 2 2 205 45 6.08207399566 1.41562945623
705 2 5 205 55 -2.42109006764 -9.97401235158
706 1 2 205 65 7.89404137104 -4.06191827071
707 3 1 205 75 -6.75062518307 5.15718341893
708 1 2 205 85 -6.08351846082 -9.63530960797
709 1 2 205 95 4.06902580591 3.12694691163
710 1 3 205 105 9.81899337461 -4.69732280089
711 3 3 205 115 5.07630929242 8.96889524146
712 1 5 205 125 -1.85483274161 -4.35671398212
713 3 2 205 135 -9.46683478463 -2.9130900982
714 1 5 205 145 -6.82938089336 5.77574672029
715 1 1 205 155 -8.21893580153 -3.95072018778
716 2 3 205 165 9.09979928309 -6.96735214063
717 2 3 205 175 -9.02322221343 4.90122699917
718 1 2 205 185 1.42564995962 -0.525973907893
719 2 1 205 195 -8.78814677993 8.5702281498
720 1 5 205 205 -4.82753048039 7.7168960174
721 2 5 205 215 -6.92660587138 -5.04466411054
722 3 2 205 225 6.22368856662 9.53184385761
723 3 4 205 235 -2.75687922765 6.19035881311
724 3 2 205 245 5.94900188736 0.149478878497
725 2 5 205 255 -2.12013948443 9.78536678537
726 3 5 205 265 -0.74658241924 1.36379736843
727 1 3 205 275 -0.718092938752 -0.771173269836
728 3 2 205 285 -0.00778201713496 -1.4364376856
729 3 5 205 295 1.71503236473 9.16326693705
730 1 4 205 305 8.20373975285 6.92554882995
731 1 1 205 315 -1.58976514938 -4.03439307485
732 1 2 205 325 4.94688995463 2.7390792722
733 1 1 205 335 1.0492400141 -5.87699315678
734 1 5 205 345 -6.63254864322 7.59279942006
735 1 4 215 5 2.41059921904 -1.36985231214
736 3 2 215 15 8.69938127674 -5.64781750226
737 2 4 215 25 2.15883747406 -1.88900437528
738 1 4 215 35 8.07424647514 0.227374566447
739 3 1 215 45 0.50232763355 -8.33875465648
740 2 2 215 55 3.46368816167 -0.160589154503
741 2 3 215 65 2.79536765874 -2.27521216285
742 3 3 215 75 -6.08172844638 -9.54431064221
743 3 5 215 85 -9.39769402181 5.19548345102
744 2 1 215 95 -7.93775922342 8.03262030738
745 3 5 215 105 -8.8132409584 -2.11609385721
746 1 3 215 115 4.57329733471 -9.45961490434
747 2 5 215 125 2.72664797404 3.85498219185
748 3 5 215 135 2.98960337698 7.45683701167
749 3 5 215 145 2.67266491663 0.076998350628
750 3 1 215 155 2.2292224615 7.15391532685
751 3 3 215 165 -6.66700070097 4.476427513
752 2 2 215 175 -0.0889395941473 -7.56275403677
753 2 2 215 185 -5.92889382484 -9.80224858958
754 2 5 215 195 -1.74660007156 6.44516919865
755 1 3 215 205 -6.85424408474 8.46006460356
756 1 1 215 215 3.99484507902 -0.737852469418
757 1 3 215 225 0.266947379908 3.31205528241
758 1 4 215 235 8.7153870377 2.85709803615
759 1 2 215 245 -3.17509447301 -9.16289119172
760 2 3 215 255 5.13326787608 2.98257832753
761 3 5 215 265 -4.55609790705 -6.84954497221
762 1 3 215 275 8.54893952839 6.64507119256
763 3 3 215 285 -8.61120873153 -6.70355148841
764 1 4 215 295 -7.19156811455 -3.86923068027
765 1 5 215 305 2.65295561026 9.3291180466
766 3 1 215 315 2.28618375851 -2.81688961546
767 1 5 215 325 2.83334477031 8.0322969334
768 2 1 215 335 -1.50271729096 3.72653609483
769 2 5 215 345 8.40575170214 -2.94734248653
770 3 1 225 5 9.46037170368 5.70144739293
771 1 5 225 15 -6.72158205692 -4.47967313255
772 3 1 225 25 0.816404111902 -3.11491365852
773 2 5 225 35 -9.55156486611 -0.791936198623
774 2 3 225 45 -8.69903552908 -6.10615017114
775 3 1 225 55 -0.72950695475 0.117436873953
776 2 1 225 65 4.81032998598 4.96168389098
777 2 1 225 75 -0.363174279961 2.86971447577
778 1 2 225 85 -9.26880407695 -2.47248698885
779 3 4 225 95 -8.11773088212 2.29289263958
780 1 3 225 105 2.1765273337 -2.84507212178
781 2 2 225 115 7.43935615677 0.136582087026
782 2 2 225 125 -2.74941283482 9.088963587
783 1 2 225 135 -4.66527124803 -5.56078920627
784 2 1 225 145 4.32501961882 4.84276156772
785 3 4 225 155 -3.54754792285 4.78226742792
786 2 1 225 165 9.69480742577 -4.71095732532
787 3 1 225 175 -7.37648623168 -5.22827692134
788 1 3 225 185 -2.73095137479 -6.49414874322
789 3 3 225 195 -4.79056533995 1.47214752189
790 2 2 225 205 5.84678312061 1.29059374301
791 2 4 225 215 -6.55649702422 5.29883626402
792 3 2 225 225 -3.03124969019 4.93776751187
793 1 2 225 235 9.00051437657 -0.957116752874
794 3 5 225 245 8.85463896083 4.36769464027
795 3 5 225 255 -2.29266203625 -2.75394035787
796 3 1 225 265 -4.74153883603 -3.71946416198
797 3 3 225 275 -1.21380279301 1.88154683919
798 3 2 225 285 -3.1964250746 5.68638433314
799 1 4 225 295 -3.47366786862 -5.53068489242
800 3 2 225 305 6.5867974121 -2.08371452154
801 1 2 225 315 7.34806667305 -5.1268035518
802 2 1 225 325 8.79957369489 -5.8830543035
803 1 2 225 335 3.17614461793 7.84377592186
804 3 4 225 345 0.532807328702 -2.25108808526
805 1 1 235 5 4.1850034988 -8.81526623637
806 2 3 235 15 -7.02806226006 8.48266163049
807 1 4 235 25 -7.043160409 8.6409343509
808 3 5 235 35 0.635448162793 0.734513266167
809 3 3 235 45 -2.30174627939 -3.35521592785
810 1 3 235 55 9.35957273341 -8.64235029728
811 2 1 235 65 -2.19594152324 -9.68485421204
812 2 5 235 75 -2.79240423713 3.61335519502
813 1 1 235 85 2.80893777486 7.23788810042
814 3 5 235 95 -7.25534330666 -1.48603364543
815 2 1 235 105 -0.169366180817 3.82664214355
816 1 5 235 115 3.41721755418 -4.13719873799
817 3 1 235 125 -3.44660899571 -7.59204334748
818 1 2 235 135 -4.49449235515 0.380140236005
819 2 4 235 145 -6.36552554432 -3.18064530889
820 1 2 235 155 -2.27307574551 -8.99360796148
821 1 3 235 165 9.92774103718 1.9260537517
822 2 1 235 175 7.19698657521 -0.0604768157887
823 2 2 235 185 6.98669832629 -0.00136929575446
824 2 5 235 195 -0.885744122058 5.12084635512
825 1 1 235 205 -8.8286360405 0.290513241965
826 3 5 235 215 -4.87986425633 -0.022270216742
827 2 1 235 225 9.75514764017 -6.02560514208
828 2 2 235 235 -9.79692278167 2.70991891424
829 1 4 235 245 -6.0152092143 -2.80468341665
830 3 5 235 255 -5.70067697161 -8.09862043896
831 2 3 235 265 8.5058438697 -2.49875016436
832 3 1 235 275 -1.23366116032 0.731906561569
833 3 5 235 285 4.6372072859 3.36900410961
834 3 3 235 295 8.58985790539 5.2776082266
835 3 1 235 305 -2.64376345158 3.08315737348
836 2 1 235 315 -8.22106567643 4.61100936707
837 1 1 235 325 -3.24979270419 -2.57035206061
838 1 4 235 335 9.25300565972 4.95807660218
839 3 2 235 345 6.23902403884 -8.93869220801
840 3 5 245 5 9.84918539214 9.39609466012
841 1 5 245 15 7.32034137773 8.33794711168
842 2 3 245 25 5.10351902085 -2.95487537131
843 2 2 245 35 7.43394418825 1.45111318784
844 1 4 245 45 9.11062059602 -3.54128352031
845 3 4 245 55 -3.24359643126 7.05956783641
846 1 3 245 65 -4.90748499293 -1.40236311666
847 2 1 245 75 6.89460789543 5.42690493097
848 1 2 245 85 -3.3811122502 -7.53919873791
849 1 5 245 95 -3.89094353982 -6.57927303654
850 1 5 245 105 -1.59338949292 6.38211489602
851 2 4 245 115 0.396785984723 -8.41288752581
852 3 5 245 125 5.0977436594 -2.31330016954
853 2 4 245 135 -9.02282778443 9.00677825321
854 3 1 245 145 8.46965523808 2.13532472147
855 2 5 245 155 4.2424981446 1.92893121434
856 1 5 245 165 4.20546999883 6.64795800156
857 3 4 245 175 -1.61480009704 7.34640091106
858 1 3 245 185 -7.48251175551 4.02245489895
859 1 1 245 195 -1.65321182475 5.17613291986
860 1 2 245 205 0.092492208998 3.64503321586
861 3 2 245 215 -3.53181439861 9.03388405384
862 1 2 245 225 -4.84563021405 -0.123977767806
863 2 4 245 235 -9.59630722984 -1.56186996951
864 2 3 245 245 1.29893013184 0.327767109371
865 1 3 245 255 -6.43800141238 -5.83823018573
866 2 2 245 265 -9.74441013881 -4.51464693742
867 1 4 245 275 6.62927053139 -2.65431471555
868 3 1 245 285 -3.85252573344 2.91900018126
869 2 1 245 295 1.24310666043 -6.0414623565
870 3 2 245 305 9.61171033683 0.760446434015
871 3 1 245 315 -2.93150515763 -6.70021883468
872 3 3 245 325 -6.23709622461 3.34411520774
873 2 4 245 335 7.38243137528 7.81545446483
874 1 3 245 345 -2.71462598421 9.37093861247
875 1 5 255 5 8.95599771515 -2.36562188168
876 3 5 255 15 -0.961196707544 -8.41221194846
877 2 5 255 25 9.33081084064 -5.93574287093
878 2 4 255 35 7.07921061794 -4.31871974624
879 2 5 255 45 -8.59153829949 -5.01660178705
880 1 1 255 55 -1.36744712017 0.731944153814
881 2 4 255 65 -4.62396339824 -9.89384728174
882 2 1 255 75 9.43435792435 6.3720725622
883 3 3 255 85 -8.43823425489 -7.89438250244
884 2 5 255 95 4.49947440494 5.76461554644
885 3 1 255 105 -1.44382246363 2.005721978
886 1 5 255 115 0.431900839893 5.90422361942
887 2 5 255 125 -9.22319544157 8.8636654793
888 3 2 255 135 7.86069874619 -8.4515622948
889 2 3 255 145 -2.56701483643 8.43942069851
890 1 1 255 155 6.81413323964 -3.24852084667
891 1 3 255 165 5.61408936492 1.65925299035
892 3 4 255 175 5.91648486515 2.5435459164
893 2 4 255 185 -0.450317112613 9.0222043607
894 2 5 255 195 3.44291922863 -5.83951823084
895 1 5 255 205 6.65040999176 -3.17492419844
896 1 3 255 215 8.17794457554 -3.69040388115
897 2 1 255 225 -8.11713560506 9.9400204016
898 1 4 255 235 -5.26476619357 -5.76824957413
899 3 1 255 245 -4.05096784414 9.62437216656
900 1 2 255 255 -1.78726888707 -7.89034764627
901 1 2 255 265 -6.63617844849 6.53026208872
902 2 3 255 275 9.36765588571 8.23204166298
903 1 1 255 285 7.34332106927 8.24278562966
904 3 4 255 295 6.5709845905 7.13906902018
905 3 5 255 305 -4.3691992986 -4.33948478337
906 1 2 255 315 -5.30100435183 -2.1936214339
907 3 5 255 325 1.33268594815 5.13647271015
908 2 4 255 335 8.14707494544 -3.54752462365
909 3 4 255 345 -8.23074736358 2.549010359
910 2 2 265 5 -8.91716670723 9.12957349224
911 1 2 265 15 4.64317012462 -8.59886051907
912 3 4 265 25 -6.00697775079 3.69029270555
913 3 5 265 35 5.13800763036 2.54948418051
914 2 2 265 45 1.04343421046 1.17320552326
915 1 3 265 55 3.47735034386 3.65261494475
916 1 3 265 65 -6.55149877924 6.2196243304
917 1 1 265 75 -7.03784104286 7.53900192325
918 1 1 265 85 -7.54137743658 -5.07924200261
919 3 4 265 95 -4.66429213382 3.71376188437
920 3 5 265 105 -5.67740875565 -1.60591381329
921 2 1 265 115 0.693093963658 9.18391892833
922 2 3 265 125 9.4042239 5.0050188192
923 1 4 265 135 -4.01789698226 5.47633133098
924 3 5 265 145 0.91757570023 5.58464004012
925 2 2 265 155 3.70390621561 2.99160950758
926 3 5 265 165 -0.24612739003 -2.47271235552
927 3 2 265 175 -0.944603221875 -5.37235888875
928 1 4 265 185 5.64316681343 9.10877583442
929 3 4 265 195 9.11333445733 -0.127817997171
930 2 3 265 205 8.30532106923 6.94214735069
931 2 5 265 215 5.49655429491 -5.79420801527
932 3 5 265 225 -5.25817634917 1.4586212712
933 3 3 265 235 3.46257268014 -0.0961592920711
934 3 3 265 245 9.59998670001 -3.78850184677
935 3 3 265 255 -6.78812304643 7.71308907382
936 3 3 265 265 -2.42497836091 -5.92329222501
937 3 3 265 275 -0.131566234096 1.72215138505
938 3 1 265 285 -2.72706446201 -2.97727852867
939 2 5 265 295 4.81239393574 -6.97697632805
940 1 4 265 305 -0.192564869448 -1.80095545937
941 1 2 265 315 4.00849335053 0.227330431438
942 3 2 265 325 -7.51909696091 5.36787975927
943 3 4 265 335 3.45744821221 -0.592174065557
944 2 1 265 345 -9.06589406621 6.05869851003
945 1 1 275 5 -5.61125747978 -2.32334796645
946 2 4 275 15 7.79971071178 1.71485485953
947 2 4 275 25 6.31976617665 -3.26361698118
948 2 5 275 35 4.38311447923 8.23243316274
949 3 2 275 45 5.66790421178 -1.8422015519
950 1 1 275 55 7.29206311223 4.02749387949
951 2 4 275 65 -7.63093645339 -2.38023195284
952 1 2 275 75 9.67865512927 -6.05780876933
953 2 1 275 85 -8.97772561627 7.22648053113
954 2 3 275 95 6.89998963923 8.49276602108
955 3 4 275 105 -8.64467730273 6.32746237837
956 3 1 275 115 -7.11179565914 9.35926509408
957 3 1 275 125 -9.12559675476 1.77658338275
958 1 4 275 135 -4.5070773116 -9.80857505881
959 2 2 275 145 -6.07553131027 3.74196969829
960 1 2 275 155 1.80833934208 -3.17221439144
961 1 2 275 165 8.44117368549 -9.92105660284
962 3 5 275 175 -9.98394927067 -1.43648085619
963 1 3 275 185 5.70675563097 8.75301998126
964 3 2 275 195 -4.87758396821 8.04021508027
965 2 5 275 205 3.39993923487 -1.21774865245
966 1 3 275 215 0.741165456222 6.57479409628
967 3 4 275 225 -7.12384471703 7.56029462335
968 2 1 275 235 -6.60673032045 -5.69434872561
969 3 3 275 245 -5.9270715125 -4.41335468964
970 2 5 275 255 9.27544518876 4.50766222269
971 2 1 275 265 6.90415599554 -4.63666414056
972 2 5 275 275 8.68200239886 -3.32783174965
973 1 5 275 285 -3.64979020666 -2.15662570547
974 3 1 275 295 -6.86376352503 -6.90277775171
975 1 4 275 305 4.94056740666 2.3800123048
976 1 2 275 315 7.76167359329 8.08769638179
977 3 1 275 325 5.80597062492 -2.92974862444
978 2 3 275 335 -7.58747918233 2.66245501385
979 3 1 275 345 4.81431290649 -8.63032912582
980 1 3 285 5 -0.57163450192 8.90307869854
981 1 4 285 15 1.00657746979 -9.62256309318
982 1 2 285 25 4.00082334488 -8.96911804571
983 2 2 285 35 4.89152559448 -4.75502498814
984 1 2 285 45 9.04261299197 0.703137847347
985 2 2 285 55 3.43094323512 2.44442910594
986 2 1 285 65 9.58604602584 -5.71372087954
987 2 1 285 75 0.0572307165908 -9.35541118144
988 2 1 285 85 7.57542386222 -9.56294046396
989 1 4 285 95 -9.04285446935 6.25217051867
990 3 1 285 105 -4.14754298878 6.70444506079
991 2 2 285 115 -7.24207671315 4.39843703902
992 2 4 285 125 6.56296867989 8.96565883888
993 3 1 285 135 -7.32955043926 -7.12857980943
994 3 5 285 145 -2.41318727656 -4.57080836286
995 2 4 285 155 -5.86365453411 -4.33528927318
996 2 5 285 165 -0.0101354994438 2.48969934629
997 1 4 285 175 -6.22350403302 -1.02925387661
998 1 4 285 185 -1.63158574189 -3.96221917951
999 2 2 285 195 9.69105345328 -0.498331669466
1000 3 1 285 205 0.467094405011 -1.64675897104
1001 1 4 285 215 4.6123722581 -5.08087705976
1002 3 4 285 225 -8.10212141601 -2.10788999581
1003 1 3 285 235 9.32610844745 1.62723567804
1004 2 4 285 245 -1.17274879024 8.34188601304
1005 2 4 285 255 -6.60594718853 6.24342353413
1006 2 3 285 265 -5.13584687599 0.866248015061
1007 3 2 285 275 5.60055856446 6.73509750072
1008 1 5 285 285 3.09170678326 -8.8189495624
1009 2 4 285 295 2.39010112294 -3.16954170942
1010 2 5 285 305 8.01977580814 7.99336993512
1011 3 2 285 315 2.63997860004 6.82439941807
1012 1 3 285 325 -7.76942714106 4.23452426185
1013 2 1 285 335 5.88487599097 -2.7434328686
1014 1 4 285 345 -1.38685778975 7.98238372519
1015 2 5 295 5 0.231141124193 0.512697884151
1016 1 5 295 15 9.47179058535 5.26650345501
1017 3 5 295 25 -4.71890854931 5.38527165502
1018 2 5 295 35 -5.53493514445 -5.54033807396
1019 3 4 295 45 6.136936504 6.31786247949
1020 2 4 295 55 -3.6131185824 -1.34077875172
1021 3 2 295 65 3.72290598441 8.2523622038
1022 3 5 295 75 -4.79049998751 -5.01928065866
1023 1 2 295 85 -1.26230454721 8.58681640699
1024 1 3 295 95 -3.40153173495 -7.98145076714
1025 2 4 295 105 2.25209240125 9.23729341343
1026 2 4 295 115 4.08562660138 -9.96376261456
1027 3 4 295 125 8.04275600802 6.85216030369
1028 3 1 295 135 -5.09575032479 -2.87828425476
1029 3 5 295 145 -3.16476890884 -0.892453353696
1030 1 1 295 155 -7.89648501576 -2.16522653349
1031 3 4 295 165 4.6223482819 8.65703829206
1032 1 1 295 175 0.147290221283 4.13786320195
1033 2 1 295 185 5.71729262207 4.98448565174
1034 1 3 295 195 -3.62250399849 9.49996731144
1035 3 1 295 205 8.92630070449 0.795453932768
1036 2 2 295 215 8.21284119335 9.59916611345
1037 2 2 295 225 -5.438805066 -2.24764043698
1038 2 5 295 235 9.98053624161 7.1982741988
1039 1 2 295 245 6.58664877672 3.31640210316
1040 1 2 295 255 3.16903207049 7.80200979762
1041 1 2 295 265 -8.06529281673 -6.77511755198
1042 3 4 295 275 0.366629905008 -0.149403759623
1043 3 3 295 285 -7.77446933213 9.01842581388
1044 2 5 295 295 -3.9337769337 8.6389545658
1045 1 4 295 305 7.59898472243 -1.75514255441
1046 2 2 295 315 4.93095525847 -0.425882382904
1047 1 2 295 325 2.21693659881 -2.85521982821
1048 3 2 295 335 -2.25447325591 6.30816830108
1049 1 3 295 345 -2.46547158195 8.772529051
1050 1 4 305 5 0.0938400125695 0.350827712143
1051 3 5 305 15 -1.65810985322 -9.06543581269
1052 1 2 305 25 1.74565577117 2.8336368334
1053 2 5 305 35 6.4045444631 -0.272813614912
1054 2 1 305 45 0.815839417589 -0.32193173469
1055 1 2 305 55 -6.61352865267 -0.2424313314
1056 3 4 305 65 -1.18106071824 -9.62003343371
1057 2 3 305 75 -8.22504062952 -0.331486443369
1058 3 4 305 85 1.16651591136 -8.84960280747
1059 2 4 305 95 7.70456967967 -0.92589147736
1060 3 3 305 105 9.25590457145 7.72157214166
1061 1 3 305 115 8.49829708324 5.2610601098
1062 3 1 305 125 -9.67600109108 -2.76164945679
1063 3 3 305 135 6.70977042424 2.84360452913
1064 2 3 305 145 3.36062866317 0.646765473819
1065 1 2 305 155 8.43010527452 -5.84801165087
1066 2 5 305 165 -2.14958862577 1.2368440908
1067 1 1 305 175 8.13513227293 -6.24757849436
1068 2 2 305 185 -2.9134856245 1.10866620222
1069 2 4 305 195 -1.36837473558 -9.61916040286
1070 2 2 305 205 3.0542572099 3.97666117905
1071 1 2 305 215 3.46987552205 -9.76624172063
1072 2 2 305 225 -1.09650176507 8.76214268088
1073 2 1 305 235 6.2588180651 2.79500840849
1074 1 5 305 245 -7.12005404444 -4.15811765039
1075 1 4 305 255 6.68712177165 -4.3295391088
1076 1 2 305 265 -0.315224499342 -1.51979319458
1077 1 3 305 275 -0.327391607198 -9.06207438468
1078 3 4 305 285 0.146274856307 -1.32020695498
1079 1 5 305 295 9.45384028101 0.403610825622
1080 2 1 305 305 5.27243168304 -4.39005032634
1081 1 3 305 315 8.12734382594 7.86178126101
1082 2 4 305 325 -1.05249937108 -1.6991756281
1083 2 3 305 335 -0.206499906142 5.10691304739
1084 2 1 305 345 -8.31741589665 -8.22243013485
1085 2 1 315 5 1.07417908268 1.58898842976
1086 2 3 315 15 -6.03941481197 -7.06265475389
1087 2 2 315 25 0.940981138853 -7.76503064117
1088 3 3 315 35 2.98424695575 -8.97363192447
1089 1 5 315 45 0.277407024139 9.07424209278
1090 1 3 315 55 -8.38060014725 1.10318015878
1091 1 4 315 65 4.90407359518 -7.73814080507
1092 2 5 315 75 -4.42352141661 -5.92846803482
1093 1 5 315 85 9.33000480386 0.445685409664
1094 2 3 315 95 -1.11467600448 4.99349572936
1095 2 2 315 105 8.77384912528 6.81754911296
1096 1 2 315 115 6.27825074247 -5.71355375417
1097 1 2 315 125 8.78784185741 8.734861681
1098 2 4 315 135 6.92418339769 1.51137819428
1099 1 5 315 145 -8.01457479613 7.35831470352
1100 3 5 315 155 -3.21970695787 8.8619576861
1101 3 3 315 165 -4.81598396484 1.12417027368
1102 2 1 315 175 -0.90875373722 6.20776671269
1103 3 1 315 185 -0.222699016894 -8.43631922425
1104 1 1 315 195 7.30877912539 -6.05120612079
1105 2 5 315 205 -5.64380418197 -2.08658146479
1106 1 4 315 215 -3.49993058733 -2.59092175392
1107 1 5 315 225 7.39175708478 2.11622800059
1108 2 1 315 235 4.37131078297 9.27574400793
1109 3 4 315 245 -5.73851110616 -7.67668704413
1110 2 3 315 255 -2.83634413237 -6.59083324579
1111 2 3 315 265 2.51879433349 -8.34268559142
1112 1 2 315 275 9.27761855374 -7.98972262873
1113 1 5 315 285 2.84137415119 7.41690770601
1114 1 5 315 295 -8.76708013037 -1.64614507221
1115 2 4 315 305 1.45068129203 5.9771939163
1116 3 2 315 315 -1.71935999483 6.60633919354
1117 1 5 315 325 -2.17024476008 4.81618843215
1118 2 5 315 335 -0.265825683891 -3.02481678876
1119 2 2 315 345 5.00081186914 -7.45744555865
1120 2 2 325 5 9.06042225844 -6.81921422739
1121 3 3 325 15 -1.09281826045 -0.106275306087
1122 2 4 325 25 -9.93105053162 -5.61868448888
1123 2 1 325 35 -4.36166528937 9.79742340411
1124 2 4 325 45 4.28463801227 0.394828599976
1125 3 3 325 55 9.11464893985 -8.77418997518
1126 3 3 325 65 4.75346512742 -5.51127512027
1127 1 5 325 75 8.95783718159 1.0849966044
1128 1 5 325 85 4.18862423188 3.09607571052
1129 1 1 325 95 0.0148027356315 0.974070577361
1130 1 5 325 105 5.62900126781 -3.67814830539
1131 2 3 325 115 7.82041413124 -7.21028542685
1132 1 2 325 125 -7.77309427493 7.8249017947
1133 2 2 325 135 5.38831303404 -4.70239152777
1134 3 2 325 145 -4.97737181301 5.51215798766
1135 1 4 325 155 -4.17344856334 8.88279649181
1136 2 5 325 165 8.81543939448 2.62923369354
1137 1 1 325 175 6.86658694442 2.67546656664
1138 3 5 325 185 -9.95647229979 6.09590531033
1139 2 4 325 195 -9.58302068692 -7.80385806477
1140 3 4 325 205 -1.28464977463 0.322019342224
1141 2 2 325 215 -6.4555803423 3.3716919673
1142 2 5 325 225 -7.7955030439 8.51896163969
1143 1 1 325 235 8.90293585424 4.64653360558
1144 1 5 325 245 -7.46855750671 -7.52527530933
1145 2 2 325 255 6.12770862008 0.637749527198
1146 2 2 325 265 -6.33940556197 1.8595937284
1147 3 4 325 275 9.75044680931 -3.58592942178
1148 2 5 325 285 -9.47673893871 5.11694614079
1149 1 1 325 295 -6.51493580553 2.29323452827
1150 3 2 325 305 -3.74326672157 6.65216086381
1151 3 5 325 315 -4.93422430645 9.75085904692
1152 1 1 325 325 2.72679062587 4.05533781617
1153 2 5 325 335 -0.631324672758 4.78496991825
1154 3 2 325 345 3.2142030726 -5.19739294522
1155 3 1 335 5 -3.87860701362 1.50766204922
1156 2 5 335 15 5.04115191534 -5.99180755146
1157 2 2 335 25 -8.00556909496 1.16052750516
1158 1 4 335 35 -9.19123928379 -8.78947145015
1159 1 5 335 45 -2.35238327644 -4.16629498205
1160 1 1 335 55 2.09323868923 -9.8201228058
1161 2 4 335 65 -9.06344967099 3.18076402629
1162 1 5 335 75 -0.452182482789 1.55827902432
1163 2 4 335 85 9.12476549369 -4.98677512989
1164 1 4 335 95 -3.29901177515 2.34681521293
1165 3 1 335 105 -6.37239248003 -5.95854942972
1166 1 3 335 115 -1.19179416382 5.11989637139
1167 2 4 335 125 0.584588064897 -1.1577593608
1168 1 5 335 135 -6.79135444024 3.14426759785
1169 3 5 335 145 -2.95951041634 9.12111701645
1170 3 1 335 155 -4.72305991342 -3.62076622343
1171 2 4 335 165 -2.45537532704 2.59789444897
1172 2 4 335 175 8.22510626318 9.51171652928
1173 1 5 335 185 2.70698074994 -2.61445535527
1174 1 5 335 195 -5.72010558901 -0.591767381753
1175 2 5 335 205 -5.61339049705 2.22588030186
1176 2 1 335 215 -7.71400052192 -1.39516729915
1177 3 2 335 225 -6.42478938854 -1.10203284006
1178 2 5 335 235 0.46197096794 5.50584063377
1179 3 3 335 245 4.25646607752 -0.730003256516
1180 3 5 335 255 -7.67256319905 -5.82066847687
1181 1 2 335 265 2.80256529403 -9.56528033709
1182 1 2 335 275 8.77233663543 6.29150256977
1183 1 4 335 285 -8.4260845226 -9.66426414575
1184 2 1 335 295 -8.44026801114 -0.544844522096
1185 3 5 335 305 1.38224427467 -1.00292278949
1186 2 2 335 315 9.37719817206 -0.00278741424821
1187 1 4 335 325 1.33522506747 4.77592905934
1188 3 1 335 335 9.91733008666 3.77118541815
1189 2 5 335 345 8.26390762529 5.0356326393
1190 2 1 345 5 -3.90307849502 5.93117671328
1191 1 2 345 15 -0.64294105234 -0.19476136557
1192 3 3 345 25 3.27744446224 8.72643301038
1193 3 1 345 35 -8.37313732633 6.83979078703
1194 3 2 345 45 -4.55173661344 -5.17047623218
1195 1 5 345 55 5.39208053781 6.48486524708
1196 3 4 345 65 -4.73038386935 -4.04408246588
1197 1 1 345 75 -4.01763153212 -5.97939137281
1198 3 4 345 85 -7.11510712828 -2.18618517406
1199 2 1 345 95 9.71359546238 -0.274677592254
1200 1 1 345 105 -5.85055231674 -4.76964052671
1201 1 3 345 115 -5.5193070356 2.91565777419
1202 3 5 345 125 -4.04412126562 7.62184357381
1203 3 5 345 135 9.78037812968 1.72783799999
1204 3 2 345 145 -1.66685909111 -3.36525894918
1205 1 3 345 155 3.22221499996 -6.99652734982
1206 2 5 345 165 -1.32983112063 8.72709351553
1207 2 4 345 175 0.903489789885 -4.23127508345
1208 3 3 345 185 9.68415733208 -2.38573463436
1209 2 3 345 195 9.48350255413 7.92797197267
1210 3 1 345 205 -0.635669909245 -8.06086214259
1211 2 1 345 215 4.69855714227 8.96031214977
1212 3 5 345 225 9.03384753071 -7.85654455547
1213 2 2 345 235 6.9541503688 1.48843860251
1214 2 1 345 245 6.89985970942 -2.06183180008
1215 2 4 345 255 -0.467708840761 -8.45144281959
1216 3 5 345 265 7.86555769526 -4.69016321638
1217 3 5 345 275 7.940094161 -1.18622265713
1218 1 5 345 285 9.44933635301 -5.01203716915
1219 3 2 345 295 6.53733294659 2.6906368936
1220 1 1 345 305 -3.8491600372 -8.54038291202
1221 1 4 345 315 -7.32911604817 2.0148727078
1222 3 3 345 325 9.72002051129 -5.56201756763
1223 3 1 345 335 8.45895879435 5.13040038773
1224 2 4 345 345 -1.69991071153 4.90622173692
