50 50 25
0.001 1 1
0 3 1 5 5 9.64299905538 -4.78242852948
1 2 5 5 15 9.53783549987 4.09009979581
2 1 4 5 25 -9.25278497321 6.70802695538
3 3 5 5 35 -4.03987745656 -1.2837553775
4 3 1 5 45 1.41640213355 2.76716791757
5 2 3 15 5 -8.59794486149 7.10210169634
6 2 4 15 15 6.47596619181 0.082644350287
7 2 4 15 25 -4.80055994491 3.48790558189
8 2 5 15 35 -0.0705438635921 -2.35319225696
9 1 1 15 45 -1.30001766207 -2.01790082841
10 1 3 25 5 3.38246611258 0.701714766812
11 3 4 25 15 7.05749963667 -2.40623967971
12 3 3 25 25 -1.4705382137 -6.2683134347
13 1 1 25 35 -9.42269608015 -7.78829086557
14 3 2 25 45 9.47558569368 9.94239233933
15 1 1 35 5 7.86425001238 3.41706226501
16 1 5 35 15 3.99466736948 7.67688966242
17 1 5 35 25 -8.54737518193 1.6383339939
18 1 3 35 35 7.32798991575 2.71888591601
19 2 3 35 45 -0.360307849437 5.64026751611
20 1 4 45 5 -5.25869810112 -2.37136624017
21 3 4 45 15 -1.5549063176 -7.11094916727
22 3 1 45 25 3.61838225735 -8.99331855056
23 2 1 45 35 1.00906344747 -0.502231452248
24 1 5 45 45 -9.27884538957 -7.79620470544
