200 200 400
0.001 1 1
0 1 5 5 5 -8.61846215139 -8.71301657829
1 3 15 5 15 -1.87487302676 -9.89827310863
2 1 5 5 25 -8.69518423333 -0.890927125538
3 2 10 5 35 4.81549639729 0.0706939541778
4 2 10 5 45 -7.14669338099 7.80650967126
5 1 5 5 55 7.73318162172 3.34429824993
6 1 5 5 65 9.59533242324 -0.728972926339
7 3 15 5 75 -8.58074534016 -2.00436339058
8 1 5 5 85 3.84468379355 2.70067744532
9 3 15 5 95 7.58787619923 -1.76466864297
10 1 5 5 105 7.62306272061 8.36177431848
11 2 10 5 115 -6.40533199468 -7.14959850271
12 1 5 5 125 -5.87131754364 -7.56293304727
13 3 15 5 135 4.82436018953 -8.14901149838
14 3 15 5 145 3.82164203325 -5.79688741603
15 2 10 5 155 -2.23527219389 -5.75836994178
16 2 10 5 165 -5.9842719679 7.80599259032
17 3 15 5 175 9.29396711434 5.72950341958
18 1 5 5 185 -1.81773181516 -4.21941129021
19 1 5 5 195 -2.731952696 -4.12200864896
20 3 15 15 5 -4.32470998304 8.74737050157
21 3 15 15 15 3.9559124525 -5.01820502632
22 2 10 15 25 -3.94173606076 8.0096766267
23 3 15 15 35 0.282063326091 5.68039983897
24 1 5 15 45 -2.66085292484 -2.1156159239
25 3 15 15 55 -1.838479543 -6.4919195822
26 3 15 15 65 -5.44571804719 -2.87589612509
27 3 15 15 75 -4.32095242352 -9.54765543625
28 3 15 15 85 7.83882281899 -7.10766173318
29 2 10 15 95 -2.16608209021 6.29178651778
30 3 15 15 105 8.22450685986 9.36043027213
31 2 10 15 115 0.812897232396 -4.91965828739
32 2 10 15 125 4.45847553482 -3.40752315878
33 3 15 15 135 9.5371051102 7.27291467233
34 3 15 15 145 -2.00977958802 -0.953287650788
35 2 10 15 155 -4.80292658012 3.20422994772
36 1 5 15 165 -2.9506042004 0.195091263655
37 2 10 15 175 -0.674970312053 1.57407568012
38 3 15 15 185 -6.42864652194 7.74734180967
39 2 10 15 195 -8.01055325841 -8.98730326228
40 3 15 25 5 -7.46306895343 5.02277545913
41 1 5 25 15 0.625554823941 -1.56686225602
42 3 15 25 25 0.850107659699 9.24745684358
43 2 10 25 35 3.0206035645 2.7302893304
44 3 15 25 45 7.36839902005 9.42687763503
45 2 10 25 55 -1.77202750693 -9.00816618315
46 2 10 25 65 8.25364446199 5.54115382914
47 1 5 25 75 8.18766882225 -3.22908293068
48 3 15 25 85 8.4521573026 0.380025032458
49 2 10 25 95 -6.11513175506 6.15478997619
50 2 10 25 105 2.38073136958 -1.4424713514
51 2 10 25 115 7.73517626155 -4.97751499708
52 2 10 25 125 -0.41713703606 9.4313953004
53 1 5 25 135 3.09863979784 -4.49415102425
54 3 15 25 145 -5.19113130455 -8.7423323937
55 3 15 25 155 7.75058669524 -8.87226910903
56 1 5 25 165 5.88775575081 5.65705683101
57 2 10 25 175 -2.86992506184 0.829266017217
58 2 10 25 185 8.66889522683 3.83356437349
59 1 5 25 195 -1.54054000134 0.83069135521
60 3 15 35 5 -3.39678931588 -3.53723309809
61 1 5 35 15 0.341555033119 -7.91946489263
62 1 5 35 25 -4.27816317383 -7.52202079196
63 2 10 35 35 6.16212930819 -8.3065473473
64 2 10 35 45 8.7214154168 0.638497308603
65 1 5 35 55 4.00907673515 -9.8101724276
66 1 5 35 65 7.26955571212 0.650564516194
67 2 10 35 75 -2.91394078202 -3.22718841371
68 2 10 35 85 -0.908338776084 -7.20006170248
69 1 5 35 95 3.05273223595 -5.89985333338
70 1 5 35 105 -4.55002470155 8.9454782581
71 1 5 35 115 3.99631057952 5.47640186539
72 1 5 35 125 2.2401041625 3.46789969036
73 3 15 35 135 9.14676082329 4.58948947068
74 3 15 35 145 0.346673522324 -0.0463404408903
75 2 10 35 155 -6.07629343725 0.397465636949
76 1 5 35 165 -6.73507285965 3.97037356852
77 3 15 35 175 -4.29713504135 -2.26471772886
78 2 10 35 185 8.84869468939 5.49989373025
79 3 15 35 195 7.38056715652 2.48343868325
80 3 15 45 5 7.41758620467 -0.770109589372
81 1 5 45 15 -5.30159264952 1.31223636665
82 3 15 45 25 -9.13012606427 3.10722768723
83 2 10 45 35 -0.614250851108 -3.94016923074
84 1 5 45 45 -4.09660946072 4.7103234118
85 3 15 45 55 6.79966563506 -5.66047848158
86 3 15 45 65 2.65115049666 -8.5942383105
87 2 10 45 75 3.6789492951 -4.59657757083
88 1 5 45 85 3.99858253652 -3.9370957012
89 3 15 45 95 -6.90355884873 -8.09508131962
90 1 5 45 105 -9.9886058163 4.8764917433
91 1 5 45 115 1.82362917349 -2.93015262088
92 1 5 45 125 -9.25064047589 8.45364946586
93 1 5 45 135 0.0055640094885 -6.31927475285
94 1 5 45 145 6.5667192358 -7.90156125043
95 2 10 45 155 7.16753736025 6.72783106514
96 2 10 45 165 2.81018959983 -5.8662459929
97 2 10 45 175 2.97539666796 9.60329699972
98 1 5 45 185 -6.37463979932 8.19469562886
99 2 10 45 195 2.69858533063 -0.325096760298
100 2 10 55 5 -9.10763858913 7.49499288284
101 2 10 55 15 -7.40464553578 -9.03720106158
102 2 10 55 25 -1.55054307618 4.43292418338
103 1 5 55 35 1.29796171396 -4.08959913199
104 2 10 55 45 3.21527092209 -9.1211799539
105 2 10 55 55 2.63307877598 -9.66162574395
106 3 15 55 65 -1.984275726 -1.29923282196
107 3 15 55 75 -1.27487887761 9.9186233592
108 2 10 55 85 5.59927806969 5.2603669814
109 2 10 55 95 4.96994077405 -0.541934039514
110 2 10 55 105 9.71107638386 1.42967660962
111 3 15 55 115 -1.19051625434 4.43368741067
112 1 5 55 125 4.72411726075 2.35302335259
113 3 15 55 135 8.66388886933 -6.45868485083
114 2 10 55 145 1.84520105432 2.91810299184
115 1 5 55 155 8.80523464874 -7.58043870833
116 1 5 55 165 -7.23169954316 -1.19439370006
117 3 15 55 175 -2.65994076221 -4.1672723035
118 1 5 55 185 -3.32955493769 -1.12237896946
119 3 15 55 195 9.36249857267 -4.75563929374
120 3 15 65 5 -0.411117639349 5.32943801053
121 2 10 65 15 5.3883270378 3.44536188037
122 2 10 65 25 -2.53353469374 -3.83077534657
123 3 15 65 35 -8.83143188527 8.66491249133
124 3 15 65 45 -4.98835036389 -0.764691097919
125 3 15 65 55 -0.702500424341 4.89512226618
126 1 5 65 65 -6.65116485772 -0.261743495923
127 3 15 65 75 -2.44366017511 -3.22592590321
128 3 15 65 85 -8.38241736041 -3.16576550591
129 1 5 65 95 5.27633667843 -4.82384951049
130 1 5 65 105 4.87243382482 7.62729119689
131 2 10 65 115 -4.11886000674 -5.87080926012
132 2 10 65 125 -2.57270284 -0.635522334992
133 3 15 65 135 -6.69217719918 -1.54307950204
134 3 15 65 145 -4.45079345534 0.86046995554
135 1 5 65 155 4.07023311496 -1.55731949965
136 2 10 65 165 6.27183954237 3.10089513751
137 3 15 65 175 -9.83814119366 -5.44744511525
138 3 15 65 185 5.3392728741 -7.95124859246
139 3 15 65 195 -2.14523241066 8.09100717399
140 1 5 75 5 -2.74968328441 -0.617166529079
141 3 15 75 15 6.84885397924 3.3920834315
142 3 15 75 25 1.71645822388 -3.14821311647
143 2 10 75 35 9.18867697796 -6.04952319623
144 3 15 75 45 6.69478498865 -5.9748267477
145 1 5 75 55 -3.37758230313 1.75841648275
146 3 15 75 65 3.34781772606 -1.48450543024
147 3 15 75 75 -4.44401399083 -7.87885647118
148 1 5 75 85 -9.09563746686 -9.07171720739
149 2 10 75 95 -3.74793969623 0.188314445044
150 1 5 75 105 -6.95325470231 2.49767005187
151 1 5 75 115 -5.50147689154 -6.94979448014
152 2 10 75 125 6.05515453264 8.69156708531
153 1 5 75 135 -5.6838608797 -4.73775225662
154 3 15 75 145 1.01100676759 -1.86473239374
155 1 5 75 155 -0.54928135693 -3.96228977833
156 1 5 75 165 -3.27242621649 -0.915563861627
157 2 10 75 175 6.09938239352 8.10215480264
158 3 15 75 185 -1.01425658971 9.52314085504
159 3 15 75 195 -6.17677789613 -6.53347652663
160 3 15 85 5 -8.80435952217 -0.700870630795
161 1 5 85 15 5.13966184413 -0.915136320206
162 3 15 85 25 -7.50307405152 8.17034661379
163 3 15 85 35 5.21487033595 4.71690739035
164 3 15 85 45 -2.84723571723 -8.60963328489
165 3 15 85 55 -4.55099161784 3.50451121146
166 1 5 85 65 -5.7198699233 0.880029308557
167 1 5 85 75 2.24152710609 -6.66287551716
168 3 15 85 85 6.61738655508 5.55035652334
169 3 15 85 95 2.02145916625 5.03947116488
170 2 10 85 105 7.2029164293 -2.26722017585
171 1 5 85 115 8.42281553999 9.10244897604
172 2 10 85 125 8.66901420594 -2.57813658976
173 2 10 85 135 5.24550104509 3.49060258613
174 1 5 85 145 -7.33427734713 2.85530923103
175 1 5 85 155 6.48385669586 9.49684049353
176 3 15 85 165 5.17649123996 -3.47614835398
177 1 5 85 175 7.01500651479 -8.19492623194
178 3 15 85 185 -2.32859604184 -3.30145318271
179 2 10 85 195 -0.921102219914 -6.10227773995
180 3 15 95 5 6.80076430467 -2.77620526483
181 3 15 95 15 9.38249213827 -4.3463215373
182 1 5 95 25 9.48126281531 -8.72425005845
183 2 10 95 35 -0.684338269413 -7.14643355918
184 2 10 95 45 -8.45767528505 6.28184845436
185 2 10 95 55 4.56640539463 2.07925147184
186 1 5 95 65 -5.61426376461 -8.20846672865
187 2 10 95 75 1.62071378365 0.0128632792593
188 3 15 95 85 8.25735961689 -3.52751771939
189 1 5 95 95 0.816189942881 -6.1256297114
190 3 15 95 105 1.97592585315 6.19639165526
191 2 10 95 115 -0.658055356802 -2.63096414014
192 3 15 95 125 6.43896599921 5.57655121921
193 3 15 95 135 -1.33272578832 -0.579786370988
194 1 5 95 145 -4.21607867875 -8.32906835917
195 2 10 95 155 -7.27772367356 3.68306924325
196 1 5 95 165 -7.91745556445 -5.8084347961
197 2 10 95 175 -5.26309348299 1.21646834846
198 1 5 95 185 -1.84564412495 4.55167474529
199 1 5 95 195 3.29587898724 1.88188645505
200 3 15 105 5 -9.56793898839 -1.34964143527
201 1 5 105 15 -2.94561809354 -7.50472907798
202 3 15 105 25 4.24411728851 3.28454707389
203 3 15 105 35 2.73878519156 2.16735659091
204 3 15 105 45 -1.88397414064 -6.91335511145
205 1 5 105 55 9.67823979109 3.34053164991
206 3 15 105 65 3.44556949213 4.53278887174
207 1 5 105 75 -7.80225802162 9.58811628447
208 1 5 105 85 -7.43329018468 -4.22367609428
209 3 15 105 95 8.5051245536 -2.72622801957
210 3 15 105 105 -5.02194715787 -5.3114651675
211 2 10 105 115 -7.92043572613 5.81576109947
212 1 5 105 125 0.547660510285 -6.35712814699
213 3 15 105 135 1.92270530122 -9.56581150168
214 1 5 105 145 2.93821257321 0.657620378251
215 2 10 105 155 -6.40955251708 -0.902063855082
216 2 10 105 165 9.97459201462 7.82652202632
217 2 10 105 175 7.46788145702 1.19813463762
218 3 15 105 185 7.80615739687 9.70170490433
219 3 15 105 195 5.00237060541 3.58697850207
220 1 5 115 5 -5.61719955616 4.48450966798
221 2 10 115 15 -9.8502127012 -4.12612437586
222 3 15 115 25 1.94797312851 -4.24951469762
223 1 5 115 35 -2.19537593151 -3.69552776423
224 2 10 115 45 -5.27536050302 -8.72036663635
225 2 10 115 55 4.39141005994 1.27208971684
226 1 5 115 65 1.72071209694 -0.00964757678259
227 3 15 115 75 -5.67294079251 8.28318580533
228 1 5 115 85 -6.42000250792 5.57200719385
229 3 15 115 95 2.57972146002 9.43385652474
230 2 10 115 105 -2.82632209282 -7.89254542611
231 2 10 115 115 -8.84713244893 6.82002724547
232 1 5 115 125 5.49542324596 4.24759393103
233 3 15 115 135 -6.29392340091 5.97598141489
234 2 10 115 145 3.75592317931 -1.96599865087
235 1 5 115 155 -2.4662427054 -6.00000155884
236 1 5 115 165 -3.66630543581 4.76016842191
237 3 15 115 175 6.10237685875 4.98238624753
238 2 10 115 185 9.34327895335 -1.10586144726
239 1 5 115 195 -3.76511329515 -9.15443155016
240 3 15 125 5 -6.98153687372 -5.93730630651
241 3 15 125 15 -5.63153913917 -5.17763997728
242 3 15 125 25 -4.50125663966 -1.1894409039
243 2 10 125 35 -0.553142270707 -1.21449848161
244 1 5 125 45 -2.46085760642 -3.18981399746
245 3 15 125 55 -4.55715580271 -8.831676623
246 3 15 125 65 -4.71564524811 2.15321816552
247 1 5 125 75 -9.84946750642 -1.88940693559
248 1 5 125 85 -3.10703392368 -2.72089334252
249 1 5 125 95 -8.04991933701 9.66053670818
250 2 10 125 105 5.45440792985 -6.56819484704
251 3 15 125 115 0.462141437063 -7.70736007676
252 2 10 125 125 -8.21741533741 0.138388214925
253 3 15 125 135 0.152879849252 -0.739841997773
254 3 15 125 145 8.49899221686 0.570779724132
255 3 15 125 155 4.10394515866 1.15733357773
256 1 5 125 165 3.58887634396 -6.0383546904
257 3 15 125 175 7.44951259485 1.89462971576
258 1 5 125 185 4.65427206626 -4.11652376551
259 2 10 125 195 -5.86566503576 -5.56154314409
260 3 15 135 5 -3.81765290235 3.5511048834
261 2 10 135 15 7.09844318762 7.2315947161
262 3 15 135 25 -1.22025555832 3.49074226151
263 3 15 135 35 5.54973697192 -3.77615684315
264 3 15 135 45 -7.3090061196 6.04149438751
265 1 5 135 55 -2.40338119988 9.11801250195
266 3 15 135 65 6.98659441123 -7.49021933684
267 3 15 135 75 -0.395414664759 3.27835633225
268 1 5 135 85 -6.31286392807 -1.41360873265
269 3 15 135 95 -6.06028170964 -9.27984766857
270 3 15 135 105 8.60284008376 1.5730325685
271 3 15 135 115 -2.07083100919 -3.35244383396
272 2 10 135 125 -1.52712259755 -2.67892774103
273 1 5 135 135 9.7626643391 -3.60311004728
274 3 15 135 145 -1.01684747617 7.14128741926
275 1 5 135 155 -9.43202603607 5.71047641632
276 2 10 135 165 -2.63624037565 -9.02622237261
277 3 15 135 175 6.4607853803 -8.79302433856
278 3 15 135 185 6.68286524345 6.93894946516
279 3 15 135 195 0.557603561891 -8.82931187877
280 3 15 145 5 6.17478415598 -6.87938583807
281 1 5 145 15 -6.99050309264 -5.38067260514
282 1 5 145 25 -6.97869557271 -2.55841332558
283 1 5 145 35 1.7916304626 0.992368152931
284 1 5 145 45 -5.0822256709 -3.96068269645
285 1 5 145 55 4.33384624428 7.6845800359
286 2 10 145 65 -1.76371749016 9.50971144728
287 3 15 145 75 3.95590947173 -6.36990977071
288 3 15 145 85 -5.79784978588 -4.61160121097
289 1 5 145 95 -8.33852588587 -7.7508113292
290 1 5 145 105 -6.4365651595 6.8340183172
291 2 10 145 115 8.31210890871 9.63686087685
292 3 15 145 125 -7.48133128395 -6.79893270033
293 1 5 145 135 9.53587229421 2.05394492485
294 1 5 145 145 -1.88759954387 -1.72372877653
295 2 10 145 155 -6.49161147582 -0.594085630707
296 2 10 145 165 1.35726153391 -6.87670006228
297 1 5 145 175 -4.44570477342 9.27158852923
298 1 5 145 185 3.42851941697 1.65019312523
299 3 15 145 195 -7.31859483112 6.62775377988
300 3 15 155 5 7.70061071187 9.39587975826
301 1 5 155 15 2.54712938576 -1.03284497779
302 3 15 155 25 -4.17613237624 -0.0584563036487
303 1 5 155 35 3.51940610836 8.68670574034
304 1 5 155 45 -3.02788750478 -9.3521400507
305 3 15 155 55 -2.67579867478 -8.41376953472
306 1 5 155 65 1.17395605359 2.28888510954
307 3 15 155 75 -7.07412194686 -9.27572284731
308 3 15 155 85 -8.44122793117 -6.31230107226
309 1 5 155 95 9.59708586133 3.42635482951
310 3 15 155 105 -1.15787066347 3.63125104666
311 1 5 155 115 2.03522294425 -2.64026918061
312 1 5 155 125 5.26287500167 -6.5934537644
313 2 10 155 135 6.97608202696 1.65099069657
314 3 15 155 145 0.0501257453016 1.93490756289
315 3 15 155 155 -0.715753977017 2.48440726851
316 2 10 155 165 -5.13133144704 -6.11285217399
317 3 15 155 175 -8.53737005985 -0.693269589308
318 3 15 155 185 4.4585047894 -0.897134347992
319 3 15 155 195 -3.59869714294 -7.88726112338
320 2 10 165 5 7.87435338387 3.41105020873
321 1 5 165 15 -0.449051918409 -6.41368817033
322 2 10 165 25 -6.05170550052 8.60801030614
323 3 15 165 35 -8.1463449673 -7.71117853971
324 1 5 165 45 -6.26285168476 -7.13275410062
325 1 5 165 55 -0.986713443037 -1.96356247534
326 1 5 165 65 -4.52849671793 8.14114918556
327 3 15 165 75 -4.77234892825 8.27453318772
328 1 5 165 85 -0.137344482759 -4.06652048256
329 1 5 165 95 -6.09533288255 4.6792746934
330 2 10 165 105 -0.150562784858 -9.63542237292
331 2 10 165 115 -0.156184934147 -8.7693641125
332 1 5 165 125 -1.88330314458 6.52609096352
333 3 15 165 135 9.94761005111 8.53672567394
334 1 5 165 145 -1.09232664509 4.08759487043
335 2 10 165 155 3.46956597349 -1.66966851648
336 2 10 165 165 -0.385682084467 4.77699424073
337 1 5 165 175 -0.826256815752 -0.647326079816
338 3 15 165 185 7.74815013391 -4.33980488087
339 2 10 165 195 -3.0784709408 -0.262656227636
340 3 15 175 5 9.3732353019 4.16552724111
341 3 15 175 15 0.60038590185 4.22340236581
342 3 15 175 25 -3.278812059 4.64479416517
343 1 5 175 35 -6.45389776466 7.8911649524
344 2 10 175 45 2.35926309787 4.00129501325
345 1 5 175 55 -8.72315980071 -7.27631813813
346 2 10 175 65 -8.54389031335 5.40545205257
347 1 5 175 75 5.32347652136 2.98158926364
348 3 15 175 85 -0.0646970753073 -0.206787338283
349 3 15 175 95 0.27340110177 0.0986564342586
350 3 15 175 105 -7.85803328602 -8.33475573125
351 2 10 175 115 -1.38439445994 9.9002716149
352 1 5 175 125 -8.2735505048 -3.31419628358
353 1 5 175 135 -9.84962549561 6.01036452207
354 3 15 175 145 -0.922156816298 9.1687053729
355 1 5 175 155 -5.79630166215 3.52423713589
356 1 5 175 165 7.91816010211 -4.27750487727
357 1 5 175 175 4.48605180901 3.70209257482
358 3 15 175 185 -6.63862460103 3.56348936876
359 2 10 175 195 8.76569690873 3.57906420041
360 2 10 185 5 -4.65344089575 0.306672436399
361 2 10 185 15 7.51819346976 -0.63338711379
362 3 15 185 25 0.163888796307 -1.82235897037
363 1 5 185 35 -5.32559508134 -4.6459440374
364 1 5 185 45 -7.64043361576 -1.55478083224
365 2 10 185 55 -1.37062324464 -0.60699129345
366 3 15 185 65 -3.95621720205 0.0215318658875
367 3 15 185 75 -9.74740817555 -8.4914581877
368 3 15 185 85 7.98816977509 3.31877337522
369 2 10 185 95 -9.98706636253 7.23648829774
370 2 10 185 105 -2.55248398973 6.1585403356
371 1 5 185 115 5.54870590623 -1.34032378436
372 1 5 185 125 -3.69305342007 -4.88188230242
373 3 15 185 135 6.78370527703 5.16585449546
374 3 15 185 145 6.93691938642 9.65037435229
375 1 5 185 155 -1.05196808068 2.49476715545
376 3 15 185 165 0.475069941699 3.5521125252
377 3 15 185 175 2.46809246242 1.68458900017
378 2 10 185 185 9.43046359547 -3.21528248871
379 1 5 185 195 2.42605250906 -8.23586560416
380 3 15 195 5 8.9155962866 2.26206255551
381 1 5 195 15 -3.08270743211 -0.103543148119
382 2 10 195 25 -5.2969771511 -1.33010459152
383 2 10 195 35 -5.77018470427 3.04332442711
384 1 5 195 45 -0.709070761997 -9.18193850893
385 2 10 195 55 -6.98131188104 9.99057350712
386 3 15 195 65 -0.991602712379 5.58569146759
387 1 5 195 75 6.17309010331 8.42614514421
388 2 10 195 85 5.95367540776 5.62460063914
389 3 15 195 95 -4.270816454 9.60796741499
390 1 5 195 105 -5.11421360697 -3.33829993119
391 1 5 195 115 9.3389894349 -3.65943501967
392 2 10 195 125 8.91754574752 -3.53939928756
393 3 15 195 135 7.323892807 -8.9777315884
394 3 15 195 145 -9.88064031491 3.98384264885
395 1 5 195 155 0.706773406274 0.972100279274
396 1 5 195 165 -9.14788432151 -3.02529174857
397 1 5 195 175 9.00557469575 -4.01483111512
398 1 5 195 185 3.364090092 -9.10304190716
399 1 5 195 195 7.33615207265 9.51954954305
