400 400 1600
0.001 1 1
0 1 3 5 5 -7.79613254383 4.38548280943
1 2 5 5 15 9.23621627505 6.30381985312
2 1 2 5 25 0.334240552979 7.72665803663
3 2 2 5 35 -5.95090577426 1.9287708923
4 3 1 5 45 -9.42498635609 1.69400287644
5 3 5 5 55 8.54566812738 7.61878002339
6 2 2 5 65 -5.6043755743 -2.34886098963
7 1 2 5 75 4.44500852584 -2.19823513336
8 2 5 5 85 8.46028783319 1.21129210475
9 1 3 5 95 -0.408039131186 2.61307930386
10 1 1 5 105 1.50953086182 9.56762320856
11 1 1 5 115 2.50418787289 9.77636470672
12 2 3 5 125 -8.25856132216 -0.240942533544
13 3 1 5 135 7.94144433633 3.19946063147
14 1 4 5 145 -5.40198702831 -3.76373454476
15 2 3 5 155 1.73909142791 8.39527824318
16 3 1 5 165 -8.97397247723 -9.13264215546
17 3 5 5 175 9.97548658139 0.0517784468816
18 1 5 5 185 -3.31981231333 2.80535610686
19 3 4 5 195 -1.46204243183 6.65518600345
20 1 2 5 205 0.458744732806 6.87665294905
21 3 2 5 215 -0.327976663416 -7.46058962084
22 1 2 5 225 -5.20331521472 1.16145439704
23 3 1 5 235 9.61655815502 -5.05775483539
24 3 3 5 245 8.99712278054 1.85822952412
25 1 5 5 255 -3.34041260916 -6.98912650429
26 2 5 5 265 -5.05307427323 -2.07351310605
27 3 3 5 275 -3.34263810878 -5.78192377162
28 3 1 5 285 -7.0234397689 6.31189446941
29 3 1 5 295 1.05522456147 -9.69934801431
30 2 1 5 305 5.2766007135 -4.3015790182
31 2 4 5 315 8.31196590931 -6.13394003574
32 1 2 5 325 -9.99038731187 -2.44026651839
33 2 3 5 335 6.28712804888 6.12750494507
34 3 5 5 345 5.68999931356 -4.51598527451
35 2 3 5 355 -7.20666656684 -6.01076586031
36 3 4 5 365 6.74648942086 -2.36389392146
37 2 4 5 375 -6.93378651934 -2.97843316942
38 3 5 5 385 9.18050556308 -9.20107993663
39 2 1 5 395 5.84256537484 3.93984378226
40 1 5 15 5 5.03444525692 -9.9870965363
41 2 2 15 15 -5.65182107567 3.77172192743
42 1 1 15 25 2.16595553598 9.07258325418
43 3 5 15 35 -6.64825374858 -9.36372714651
44 1 3 15 45 -4.27291693202 -0.522593933207
45 3 4 15 55 6.88827266944 8.21154497166
46 3 2 15 65 -0.820672727797 -1.14832074877
47 1 5 15 75 7.52581997897 -3.30953952876
48 2 5 15 85 2.12883535503 3.83466257618
49 1 4 15 95 -0.938059148541 0.857121947605
50 2 3 15 105 -6.48045523011 -1.47343522718
51 2 5 15 115 -8.43272500057 6.55043450759
52 1 2 15 125 0.939278953595 -0.224868136574
53 3 4 15 135 4.53008921865 -5.86184220928
54 2 5 15 145 -5.06274842939 3.10284405148
55 3 2 15 155 -7.65105073732 -2.81459970662
56 2 4 15 165 9.62984513823 7.2041346521
57 1 2 15 175 0.589422547582 8.8224206057
58 3 1 15 185 3.60713392778 -3.58733195914
59 1 1 15 195 -8.35079730157 -7.52301010373
60 2 5 15 205 -3.13440126104 -8.97198656953
61 1 1 15 215 7.48808765586 -0.364762346319
62 3 4 15 225 -6.42188305697 9.33930439513
63 2 2 15 235 -8.21694553781 -6.16400065208
64 1 2 15 245 -6.87612261551 4.51893113117
65 1 1 15 255 -0.250823402638 5.95049812433
66 1 4 15 265 8.55157998697 6.32654437131
67 3 2 15 275 -1.5392809619 7.29825134493
68 2 1 15 285 -3.31032347706 -7.11484522524
69 2 3 15 295 8.56811888099 -5.6395506216
70 3 5 15 305 8.4532090019 5.06343738304
71 2 5 15 315 -3.58309680176 -1.2675333347
72 1 5 15 325 -8.12932590513 0.572805430056
73 3 4 15 335 7.25629065144 8.80613989212
74 1 4 15 345 -6.2787762968 -3.57570008164
75 3 4 15 355 -1.11108334667 3.08783278139
76 3 3 15 365 3.27965439854 7.8664082029
77 1 4 15 375 4.28240634783 -5.38239403684
78 1 5 15 385 1.2530320368 -9.10703060822
79 3 3 15 395 1.0707104124 -1.05251442785
80 1 5 25 5 8.38909083617 7.04060621894
81 3 3 25 15 -3.67169924499 6.13585533003
82 2 2 25 25 -3.40982348166 -5.42270110394
83 2 4 25 35 -9.1219625787 3.88581495084
84 2 5 25 45 0.790447341354 4.9209443886
85 1 2 25 55 -4.28530918668 -7.36227784998
86 1 4 25 65 -4.19505143782 5.89796379729
87 3 2 25 75 -9.83846319643 -9.34083428591
88 2 4 25 85 -3.59735323719 -9.99697223472
89 1 1 25 95 4.36667241778 -7.94647038337
90 1 3 25 105 -0.851722093583 -6.76722422523
91 2 2 25 115 -7.17107297063 9.07820620471
92 2 5 25 125 -9.62286561 2.09774794408
93 2 2 25 135 -7.01471540043 -4.10814564565
94 1 2 25 145 -0.932076268826 2.88072973766
95 1 2 25 155 -7.44853356575 -0.854149932445
96 1 2 25 165 -5.39936022818 3.48839968449
97 2 4 25 175 -8.8479005738 -2.30848521664
98 3 1 25 185 -4.42778515485 -8.05384370624
99 1 1 25 195 -3.38059342878 -8.41009480781
100 1 3 25 205 9.88962309452 0.370216536666
101 1 4 25 215 9.33158500141 7.30125348453
102 1 4 25 225 -5.03735802079 -1.86442989456
103 1 1 25 235 -1.06749512074 -5.44996565428
104 1 1 25 245 -3.09833143512 0.833969093162
105 1 5 25 255 -1.23003354788 -7.20730081905
106 2 1 25 265 5.38131138837 -6.88430888122
107 1 1 25 275 -2.75724896364 8.31661725997
108 3 1 25 285 -0.14023913874 -2.03723909052
109 1 2 25 295 -1.04361175423 6.97342558662
110 1 5 25 305 -2.98284967098 -9.99405787712
111 2 5 25 315 -1.59502417289 -8.97836051571
112 2 2 25 325 -1.05979032509 9.05114405168
113 2 4 25 335 0.433879082346 5.47719623163
114 1 4 25 345 -1.6310357925 4.61985754125
115 3 5 25 355 -6.5334511213 8.59600254278
116 1 1 25 365 0.931889376298 4.44744559697
117 3 4 25 375 2.76612948562 4.91897764423
118 3 4 25 385 8.50772966674 -5.15221558319
119 2 2 25 395 -3.61793793438 -0.173819775212
120 1 1 35 5 8.96419043794 3.04969165359
121 3 4 35 15 5.50091112536 3.3085536998
122 2 2 35 25 4.49887748488 -7.19509410272
123 3 5 35 35 3.04158174378 7.11164800247
124 1 1 35 45 1.10780257975 -5.59731845024
125 3 5 35 55 -2.07191368644 -9.84658863598
126 3 1 35 65 8.36282593131 8.98161616934
127 1 1 35 75 -2.80382910002 -7.19965675467
128 3 1 35 85 -1.91392774421 1.58419973627
129 1 2 35 95 1.88107439798 -9.09256622629
130 1 2 35 105 7.26176431876 -2.26584684762
131 3 1 35 115 -7.30648281522 -1.67297637515
132 2 3 35 125 -2.58619579618 2.81010029175
133 2 5 35 135 6.6822687369 -3.29193760168
134 3 1 35 145 -1.54637700883 7.40465943354
135 1 3 35 155 1.89776306861 -8.22831243786
136 1 4 35 165 -1.07758162077 3.06613385182
137 1 2 35 175 3.25578097568 -3.93983119912
138 1 5 35 185 5.56254609351 -9.80994877716
139 1 2 35 195 2.95703463858 -3.84346738663
140 3 1 35 205 -9.59740134069 -3.76528329815
141 3 3 35 215 -3.80916724588 1.08746719988
142 1 5 35 225 3.65644435707 9.46250206304
143 3 1 35 235 -8.60146604004 -0.655726110574
144 3 2 35 245 9.27615576342 1.23333885592
145 3 5 35 255 -3.3604843865 -5.74876798123
146 3 4 35 265 4.14893563556 1.15602745823
147 2 3 35 275 6.01862180969 -8.73235177774
148 2 1 35 285 -9.8311863274 0.174908342051
149 2 4 35 295 -0.494248058354 1.43478613917
150 2 5 35 305 3.92066484135 -0.263217795362
151 2 4 35 315 3.30549508885 0.0824981581669
152 2 1 35 325 -1.8746723051 6.05610668317
153 2 5 35 335 -6.21829929476 -3.96711155479
154 1 1 35 345 4.86699086696 -7.39288420473
155 1 4 35 355 -6.816999639 -0.463897460751
156 2 1 35 365 -6.97188787788 4.19824187938
157 1 3 35 375 -6.81637126598 -6.62092059899
158 1 1 35 385 -5.68667070861 2.05249160659
159 3 2 35 395 9.74116591374 -6.31076296382
160 3 3 45 5 2.70938306569 4.46256161133
161 1 2 45 15 -7.60131735377 0.115698882323
162 2 3 45 25 1.19045493967 -1.52575887014
163 3 4 45 35 6.30750021875 1.05705195276
164 1 3 45 45 8.70664902262 -6.57113023118
165 2 2 45 55 -5.89326197007 -9.44417391218
166 3 4 45 65 -5.03396641047 -3.96322718855
167 2 4 45 75 7.52275068472 -0.609056695236
168 1 1 45 85 3.22626525803 -7.28672861553
169 3 4 45 95 1.08038792134 5.10984331904
170 2 5 45 105 -4.07868740337 -7.41557555091
171 3 5 45 115 -1.15986649125 2.86294982455
172 2 1 45 125 7.73016194453 0.485847747694
173 1 5 45 135 8.61384421701 1.75775714398
174 2 5 45 145 4.75055974058 -8.63230870164
175 2 1 45 155 2.22699105177 -7.26366969001
176 2 2 45 165 4.46628348354 9.65553099073
177 1 4 45 175 8.01314655418 7.09778276778
178 1 4 45 185 -8.13981890757 -6.88440477109
179 3 5 45 195 8.39335184617 4.86710839338
180 2 2 45 205 7.80950171205 9.97016502046
181 3 4 45 215 -7.90979336329 -2.31461441914
182 2 3 45 225 2.73857108549 8.3292709744
183 2 5 45 235 -3.49213427411 -6.86077803853
184 2 2 45 245 -8.43860733147 1.0150903751
185 3 5 45 255 -8.554639652 -8.17542011206
186 2 2 45 265 6.11158460557 -1.36653505288
187 1 3 45 275 2.95925917902 3.80218455053
188 3 5 45 285 -4.60020996143 7.82502686196
189 3 4 45 295 9.22670369042 2.97764964036
190 3 2 45 305 -3.12874279888 -8.23135985214
191 2 4 45 315 -3.72901829563 -7.8692569319
192 1 3 45 325 6.07853379402 -7.2664551993
193 1 2 45 335 2.23109690769 -7.13843584011
194 1 4 45 345 7.69536289819 -5.77392318944
195 2 5 45 355 -8.10271438875 9.54520255959
196 1 1 45 365 3.67281021159 -5.2008766919
197 2 3 45 375 -8.5521717863 -2.51252197122
198 2 4 45 385 -7.91341094965 -8.185830378
199 2 3 45 395 -4.1411010123 7.96078400333
200 2 1 55 5 -3.63945693281 0.839024877286
201 3 4 55 15 3.17034171207 7.22240493363
202 1 3 55 25 1.14504538813 -9.36031244266
203 3 1 55 35 -8.62427747102 3.67515702187
204 3 2 55 45 -2.05998471923 4.5265259315
205 2 4 55 55 -6.97678068292 -1.80890760276
206 2 2 55 65 -9.95100086627 -9.16862849101
207 1 1 55 75 -4.02337419405 -7.09589701634
208 1 1 55 85 -2.41252893358 -5.35613698691
209 2 2 55 95 -5.42366555516 9.89143267674
210 2 3 55 105 -1.12644774643 7.11594609264
211 1 4 55 115 3.48869992839 -3.7165506578
212 3 3 55 125 -5.92214808589 -5.78996967312
213 3 4 55 135 9.50061196788 -0.939500950128
214 3 5 55 145 3.12880298702 5.23173483632
215 3 5 55 155 7.0326896058 -4.60022262012
216 1 2 55 165 1.09037492042 -3.3864321086
217 2 3 55 175 -2.40350314821 2.32964034273
218 2 2 55 185 -6.37873098507 1.88822268502
219 1 2 55 195 5.5327302867 -8.49665583724
220 3 4 55 205 4.29703660402 1.25197973238
221 1 2 55 215 -0.0275204981305 7.05222546192
222 3 4 55 225 7.79007131715 -4.67705316519
223 3 2 55 235 7.15241041151 3.59899566781
224 3 4 55 245 -1.87187352253 -4.30382822852
225 2 4 55 255 8.22994937911 -9.8456783156
226 2 4 55 265 1.02089829006 -8.23998591798
227 1 1 55 275 -9.26932696465 -9.13595859037
228 2 2 55 285 -9.83961395226 0.691763261897
229 1 1 55 295 2.37808147315 -1.55540060434
230 2 5 55 305 -2.01264791258 -2.95145997541
231 1 2 55 315 -8.44774276193 9.07395473961
232 3 1 55 325 -8.03367186985 -0.320374108365
233 1 1 55 335 2.71074233237 -6.24673506582
234 2 3 55 345 3.49551539327 7.67964786478
235 1 5 55 355 3.38015173967 9.53428833859
236 2 1 55 365 -5.02865976802 -4.36795881247
237 3 3 55 375 9.81333283649 7.99344895628
238 2 4 55 385 8.60015130972 -4.6406429526
239 2 1 55 395 1.41578798472 6.08478314259
240 1 5 65 5 7.88147661791 -4.55396932351
241 1 5 65 15 -2.63517612712 9.29286318007
242 3 5 65 25 0.843960996986 -5.20533142795
243 1 3 65 35 -6.68934512094 -7.12331865666
244 3 5 65 45 -0.156492999026 -7.1506720502
245 3 5 65 55 -3.50276535306 1.95224366224
246 3 2 65 65 -1.82966906845 -8.83181130088
247 2 2 65 75 6.0663692611 -3.23074987596
248 3 3 65 85 -1.02648192786 -6.6749720081
249 3 2 65 95 3.94170990142 6.82184008946
250 3 2 65 105 3.11464497771 -3.61506671932
251 3 2 65 115 -1.04461101795 -9.27494129106
252 3 4 65 125 -7.3320849916 3.43204933503
253 2 1 65 135 3.13988938071 -6.28672405029
254 2 5 65 145 7.61881270472 1.26223121142
255 3 4 65 155 5.65718635607 -9.8559832599
256 3 4 65 165 -1.88083808022 -8.28119998664
257 3 2 65 175 3.11690373519 -1.85521829218
258 1 2 65 185 -5.38584193127 -6.79943456008
259 3 4 65 195 1.85117928439 -5.68916317238
260 2 5 65 205 -3.07357728665 8.91460365652
261 1 4 65 215 8.45065415244 -6.95153506137
262 3 5 65 225 3.65590237258 7.32430899054
263 2 5 65 235 -6.92265053511 -9.65234278499
264 3 1 65 245 -1.51277398766 8.33536220045
265 2 5 65 255 5.326321487 0.456326613529
266 2 5 65 265 1.65167924029 3.53919405806
267 1 2 65 275 -8.39459090619 6.09199994156
268 1 1 65 285 4.3136178241 0.679866792336
269 2 1 65 295 -0.363049573326 3.72168850441
270 3 4 65 305 -9.59681410711 -1.29163085686
271 3 2 65 315 -7.78343879686 0.398070578488
272 1 3 65 325 5.86603707375 6.98588070117
273 1 5 65 335 8.31454930617 -6.16854552353
274 2 5 65 345 6.27625597722 1.68276707216
275 3 1 65 355 -2.62019509046 -0.637799368062
276 2 1 65 365 6.246368399 -0.738042568728
277 2 3 65 375 5.23327934469 3.74078443057
278 2 4 65 385 9.87929112205 9.98526904984
279 3 3 65 395 3.98645953864 -1.08256836319
280 1 5 75 5 -6.47134577243 6.61684438105
281 2 4 75 15 8.4213081788 3.30655598475
282 2 3 75 25 9.48828498762 8.02571645873
283 3 1 75 35 -5.93852939961 -1.37144464796
284 1 4 75 45 -0.477278203715 -3.10308196886
285 2 4 75 55 -5.4714421455 8.3493161423
286 2 1 75 65 2.62692553924 2.15448787193
287 1 5 75 75 5.97761133325 4.14333481949
288 2 3 75 85 -4.72041415116 -5.70842377349
289 1 1 75 95 -9.68925328192 4.13909970263
290 1 3 75 105 2.08005400756 6.43730804055
291 1 5 75 115 2.08715786207 9.66704109551
292 2 4 75 125 -6.9016706499 3.87341498306
293 3 2 75 135 -3.94854237085 2.75055761158
294 3 3 75 145 7.4834658206 7.38626909942
295 1 4 75 155 -7.09978551334 8.99496987366
296 2 4 75 165 -5.11245250122 -9.70559469193
297 2 1 75 175 8.25466448942 -7.82629094953
298 2 3 75 185 -4.98588167234 0.270535612799
299 3 5 75 195 5.36881847337 -2.49309869355
300 2 3 75 205 -0.425707615191 8.49301383531
301 2 2 75 215 4.6554176234 -5.29595099986
302 3 2 75 225 -7.4083960411 -5.43920801032
303 1 1 75 235 -7.72877661383 -9.90730191879
304 2 4 75 245 4.65692468083 4.37626620273
305 2 3 75 255 2.54676024914 -5.54582925805
306 2 2 75 265 -5.140389336 5.97898357175
307 2 4 75 275 -4.08709297973 -7.2878989268
308 2 4 75 285 -1.65980823964 0.786261844011
309 3 1 75 295 -5.24400392139 4.73225517868
310 3 1 75 305 1.42981253247 -4.08967975315
311 2 2 75 315 0.34034030715 8.19944534162
312 1 5 75 325 8.15124338024 8.9404046617
313 2 2 75 335 5.48658177421 -0.0925546389091
314 2 3 75 345 6.73807572709 6.27276353149
315 3 3 75 355 6.86273290992 1.63991526381
316 1 5 75 365 -1.6362020349 -9.03917003517
317 3 1 75 375 -6.02845524836 -4.17964315031
318 3 1 75 385 8.90236927952 -4.72570206848
319 3 3 75 395 2.11349266546 8.82580651137
320 2 5 85 5 -9.20033194294 1.21546364464
321 3 3 85 15 -0.510824650908 2.76557498866
322 1 3 85 25 9.09128715099 -8.70747767307
323 2 5 85 35 5.88531367903 -5.18413260742
324 2 5 85 45 -2.07190304065 9.53720304147
325 1 5 85 55 -3.41649809264 6.02095392472
326 3 5 85 65 -3.8416594279 5.43177353948
327 1 1 85 75 -6.95663294311 0.423561075462
328 1 4 85 85 -1.4439085134 4.15463101321
329 1 1 85 95 -4.80862818043 -8.1410456717
330 1 3 85 105 1.91244362421 4.89917235233
331 2 3 85 115 1.10626957613 3.73240531921
332 1 3 85 125 3.16389969046 1.89576160203
333 3 3 85 135 -8.79047655201 -0.607516846818
334 1 4 85 145 6.22757714065 9.76735256321
335 2 2 85 155 1.18853792367 -0.694044903241
336 3 1 85 165 1.58097959843 4.72242786518
337 1 2 85 175 7.69715305195 8.10239356701
338 1 3 85 185 0.621305158164 -2.91894034811
339 2 1 85 195 -2.80617644393 8.59905059222
340 3 5 85 205 -9.56809474342 -4.58958513058
341 2 1 85 215 3.13637990909 -3.39205874272
342 1 4 85 225 -0.678426198589 8.46335310507
343 3 1 85 235 -9.08050095664 -6.10113922518
344 1 3 85 245 9.52244473362 -3.9956075965
345 3 1 85 255 -2.77031594495 -1.20975544603
346 1 3 85 265 0.782554734503 6.16227277041
347 1 5 85 275 3.07916626366 6.17111259593
348 2 4 85 285 -4.82657438337 4.05118743468
349 3 2 85 295 3.51182290302 7.89986015745
350 1 3 85 305 6.20882101511 -3.53859258677
351 2 3 85 315 4.78345022222 -8.94442495789
352 3 2 85 325 5.86388201818 7.90925502332
353 2 1 85 335 7.61227108597 9.66207390084
354 2 5 85 345 -8.17941485763 4.93789522376
355 2 3 85 355 -2.39253466785 2.30449533753
356 2 1 85 365 -8.9224228109 -3.68548435742
357 1 3 85 375 -2.12673480623 -2.26358781938
358 1 3 85 385 3.41537534544 9.25794370372
359 3 1 85 395 8.18351924445 9.91300621779
360 2 3 95 5 1.31525591769 6.3747592178
361 1 2 95 15 -8.55144260432 1.83783905055
362 1 3 95 25 3.31261314499 -4.12261430012
363 2 5 95 35 4.12258610418 -6.91010740815
364 3 4 95 45 -4.48803870868 -5.02015100684
365 3 2 95 55 3.39314160547 -1.27068986749
366 1 1 95 65 -3.64962539932 1.8513638217
367 1 3 95 75 1.04733565678 -3.44482083476
368 1 2 95 85 -7.97513338998 3.05382237036
369 3 4 95 95 -9.22665900167 0.340856206251
370 2 2 95 105 5.99220307114 9.5304909036
371 3 4 95 115 2.96017218463 7.925222153
372 3 3 95 125 -5.64923139696 1.13124459099
373 3 4 95 135 1.01933953719 -4.50582377782
374 1 1 95 145 -8.71224628464 2.07957213169
375 2 4 95 155 6.03214334895 -3.46167135476
376 3 2 95 165 2.20029241087 1.03749105034
377 3 4 95 175 -5.24319613128 7.279154484
378 1 1 95 185 9.31026682072 5.44183963279
379 3 1 95 195 -0.409129354152 8.78856387753
380 3 4 95 205 -5.28931135241 -5.42238818145
381 2 2 95 215 8.80041141527 -9.24357258135
382 1 1 95 225 5.98278434216 -3.7644444149
383 3 4 95 235 6.16753348947 0.69113103983
384 3 5 95 245 -7.96907061178 -0.924319182354
385 1 5 95 255 4.30210818792 -1.4698207303
386 3 4 95 265 9.48842083437 -1.98328657644
387 2 5 95 275 -1.15385015478 3.045123842
388 3 3 95 285 -9.26056602208 3.06969267167
389 1 3 95 295 -3.46302533163 5.97543433308
390 2 5 95 305 8.25632413703 7.43096356736
391 2 2 95 315 3.57127662559 -7.19848343184
392 2 4 95 325 1.1164539315 7.41256092606
393 1 4 95 335 -1.18442164291 -4.73889582938
394 3 1 95 345 1.86363336379 -0.386714351755
395 3 3 95 355 3.77540166389 -6.46311927911
396 2 4 95 365 -9.10230924129 2.50914038916
397 2 2 95 375 9.41859510165 -3.61494524643
398 1 2 95 385 -7.31379840995 4.12364763974
399 3 2 95 395 -5.44470683573 -1.15425904437
400 3 5 105 5 -3.78558621757 -8.92276958877
401 1 3 105 15 5.61998692368 -0.926764818828
402 2 5 105 25 -9.80127542784 1.76576447871
403 1 3 105 35 -7.46150162138 9.402782161
404 1 1 105 45 -7.41351141936 3.81882541739
405 3 5 105 55 9.59132144375 3.75356631658
406 1 1 105 65 -4.37884545342 1.93160182662
407 2 3 105 75 2.28939424472 -5.92066485882
408 2 5 105 85 -8.86750946612 8.46726290634
409 2 1 105 95 -3.4230489588 7.43850646304
410 1 1 105 105 0.154621387359 -5.76850828551
411 2 2 105 115 5.67004447995 -0.663456563521
412 2 1 105 125 0.286946420393 -2.35788949805
413 2 1 105 135 1.74175860579 -4.44616557565
414 1 2 105 145 8.7952363008 -3.63720332057
415 1 3 105 155 -8.57643172606 0.387759745513
416 2 5 105 165 -4.20209660531 -9.15346378495
417 1 4 105 175 -5.25589597512 2.41600204597
418 1 3 105 185 -1.22672427547 -6.61983382448
419 2 4 105 195 8.42298468933 0.852468548505
420 2 5 105 205 5.81094725991 -5.19145225362
421 2 3 105 215 -5.50873552602 -4.79177621365
422 3 4 105 225 -3.16682751907 3.30243902221
423 2 3 105 235 1.43549062357 -3.50027311297
424 2 5 105 245 -1.17175355796 -9.97287953627
425 3 2 105 255 1.04296680283 6.3633628194
426 2 3 105 265 7.1637854604 2.60657405505
427 3 4 105 275 3.5629375519 8.51789601908
428 3 4 105 285 8.68561306631 -2.10809773512
429 1 1 105 295 -2.36349937476 -0.630495183356
430 1 2 105 305 6.47426900265 5.73882286363
431 3 4 105 315 6.58127143226 1.44948288375
432 3 5 105 325 -2.79342878168 3.53891085767
433 3 4 105 335 -5.24485703791 8.83260614137
434 1 2 105 345 -7.87143771742 -6.76288362804
435 3 3 105 355 1.95363193607 1.85305891326
436 1 1 105 365 6.01755038472 0.57084445545
437 1 3 105 375 -4.78026672263 6.68189942356
438 2 4 105 385 -5.24725400395 -8.99862582008
439 3 5 105 395 -3.74240319792 -1.7340600296
440 1 1 115 5 0.206071240358 -4.56564066963
441 1 1 115 15 -4.3773956717 3.87151690561
442 3 4 115 25 -8.63623198613 7.88188557333
443 1 3 115 35 -9.57533133195 -6.30597932091
444 2 4 115 45 -8.29786167244 7.77548334476
445 1 5 115 55 -4.93265312785 -5.84266022803
446 2 3 115 65 9.43236931126 -5.47058482927
447 2 3 115 75 4.32392351525 3.79874649548
448 1 2 115 85 -2.07707180104 0.0897005117518
449 3 4 115 95 -3.69688731196 -5.98044720072
450 3 3 115 105 -9.57129915897 -6.48849501031
451 1 1 115 115 5.50014359929 9.81132681737
452 3 2 115 125 -7.77859044644 2.92342892316
453 2 3 115 135 6.17295897305 5.72905329443
454 2 4 115 145 -6.12492771742 -3.86965087485
455 3 1 115 155 6.60687757495 -4.83269001847
456 1 2 115 165 -4.79093802614 -3.00108696063
457 3 3 115 175 3.40422272754 3.55536091884
458 1 2 115 185 -6.01689602634 9.35158855551
459 2 2 115 195 4.21810161824 8.81288584073
460 3 1 115 205 9.00011347978 4.33371111304
461 1 5 115 215 3.62612784503 3.84334578652
462 2 5 115 225 -2.4011599861 0.804450745767
463 1 2 115 235 -9.94245361929 -8.07895604731
464 2 5 115 245 -7.73218940032 1.45681679843
465 3 1 115 255 2.05038881282 -9.77187933012
466 2 3 115 265 -4.52837847469 -9.60604230775
467 1 3 115 275 -1.83549802633 -9.26069901042
468 3 5 115 285 -3.6947453371 8.96127460194
469 1 5 115 295 -9.20149043468 7.96783581235
470 2 2 115 305 -7.48469048075 4.0509765204
471 1 1 115 315 9.38891559543 -1.27370323022
472 1 2 115 325 -1.78315175961 8.90052996018
473 2 4 115 335 -5.78950062781 6.74132935079
474 3 1 115 345 2.4736623541 -5.31863159277
475 3 2 115 355 9.40951490893 4.92411008774
476 1 4 115 365 -1.99636599551 -8.16217261018
477 2 2 115 375 5.8847175561 7.87278852106
478 2 5 115 385 1.01142593479 6.51346858167
479 3 3 115 395 -4.18237409118 3.2909225614
480 3 5 125 5 4.10326911496 -8.0257255793
481 1 3 125 15 -4.59387837323 -0.178590630928
482 2 3 125 25 -1.80184362429 9.55349229767
483 2 2 125 35 2.92741926403 4.17844626489
484 2 2 125 45 -8.65844943817 2.68346738022
485 3 4 125 55 -7.67885088608 -7.48040413669
486 3 2 125 65 7.5148426792 -4.12933601516
487 1 2 125 75 1.16247715824 -8.34795391541
488 1 1 125 85 5.55057997507 9.49740046509
489 1 5 125 95 -6.77048526496 -4.16700672036
490 2 5 125 105 4.92462498444 -7.24226665005
491 3 3 125 115 0.693188386347 5.88215455494
492 1 1 125 125 -2.85499900107 0.461400152317
493 3 1 125 135 9.65918441664 8.87801519869
494 2 2 125 145 -6.37708414898 -2.39825809493
495 1 2 125 155 3.49018821199 -8.11528430855
496 2 2 125 165 -2.21972194274 -2.71595494257
497 1 2 125 175 -8.73545386043 -2.98082457944
498 3 5 125 185 -4.14840753831 -0.905207707157
499 3 1 125 195 -9.14913684824 -7.16197483196
500 1 1 125 205 -4.50599211377 1.34032381046
501 1 2 125 215 3.07290678219 -5.37101430121
502 2 3 125 225 -4.72773002342 -4.80249878312
503 2 2 125 235 -7.00744204931 -8.23918887709
504 2 5 125 245 -2.13846747415 8.86758733486
505 1 1 125 255 5.03515789044 5.14560892132
506 1 2 125 265 -5.23347331135 -8.1294806212
507 3 1 125 275 8.44268291791 -0.176231371432
508 2 4 125 285 -1.10767200343 2.21268598492
509 3 5 125 295 -2.01189704543 -1.60359903355
510 1 2 125 305 6.1447808234 -2.11234067181
511 3 1 125 315 -9.65699309156 5.02777997015
512 1 2 125 325 -6.10171434126 -0.830911353521
513 2 2 125 335 -6.27679125764 6.91487102106
514 1 2 125 345 5.50954783333 7.43581413837
515 2 1 125 355 4.78223132395 3.02609610148
516 2 5 125 365 5.08939315957 -2.73513838234
517 1 4 125 375 -6.59772062196 8.71291166776
518 1 4 125 385 8.91193631457 7.69160394023
519 1 1 125 395 0.255016721876 7.03976301232
520 2 4 135 5 5.96921272911 -0.506594383627
521 1 3 135 15 5.47835299046 8.08610147089
522 3 3 135 25 -3.65222193904 -3.69416335981
523 2 1 135 35 8.18064623055 6.01878334216
524 2 4 135 45 -1.46182094687 5.06062093
525 2 5 135 55 -5.84187733071 4.53079873582
526 2 5 135 65 5.32294866177 1.90833855057
527 2 1 135 75 -6.30934097457 8.02543765333
528 1 4 135 85 -9.53080894107 6.89885737929
529 3 2 135 95 -9.84079662162 4.63418255527
530 1 2 135 105 1.54440379539 -8.39722837282
531 1 2 135 115 9.42800084558 1.68831508474
532 3 5 135 125 1.87949452319 1.74661390852
533 1 4 135 135 -4.90158146703 -9.09179781083
534 1 2 135 145 5.6185733706 -4.23466944361
535 2 2 135 155 -0.589554538373 -8.87483351987
536 3 3 135 165 -9.90678168628 1.21413612932
537 3 5 135 175 8.35978870395 -3.52030718115
538 1 4 135 185 -5.7508918886 -3.64043721815
539 1 4 135 195 -4.55139314368 -9.93415079677
540 1 2 135 205 1.34221870584 -9.8955402433
541 3 2 135 215 -4.02779015614 7.70462408145
542 3 2 135 225 2.04554485254 -1.99951806039
543 2 2 135 235 -3.81335148597 2.72946863602
544 1 3 135 245 3.67284565051 9.42852496633
545 3 2 135 255 -4.05505292605 9.93308680407
546 3 3 135 265 -6.07439192722 0.279502500675
547 2 4 135 275 -0.193321062403 -6.13311473577
548 2 5 135 285 -8.42284982092 -2.77781125682
549 3 3 135 295 7.2643517864 5.72804963075
550 2 1 135 305 4.35145591959 6.45383400715
551 3 1 135 315 5.84011552399 -2.96148474392
552 1 2 135 325 -2.61507004081 -4.95442053081
553 2 4 135 335 -3.42729551448 4.81570184572
554 3 3 135 345 -9.78869355316 6.52339273761
555 2 2 135 355 6.64890075777 -2.8908557816
556 1 5 135 365 -7.94486156932 -5.58595560526
557 2 5 135 375 -8.99283092155 3.22020597466
558 1 3 135 385 -7.3050659003 5.28841376263
559 2 3 135 395 4.76639900718 -0.607400242841
560 3 4 145 5 -7.43442513054 4.8814472531
561 1 1 145 15 3.88592538278 -3.88142036514
562 3 1 145 25 -5.02559935747 -0.804115856364
563 1 1 145 35 -0.954420287745 -3.61378363009
564 3 3 145 45 9.50534640475 2.89670030551
565 3 5 145 55 -2.43830615185 5.44265220551
566 2 1 145 65 0.485795173176 -9.33949310633
567 3 2 145 75 7.09626286096 7.5048447387
568 3 3 145 85 -5.38479815059 -0.737645268821
569 1 4 145 95 8.93213617184 -4.91808431953
570 2 1 145 105 -7.06490878476 7.64639414097
571 3 4 145 115 7.87913037082 -0.968882337252
572 2 1 145 125 7.6944772471 -8.65939255985
573 3 3 145 135 4.9373331003 -3.32069630893
574 3 3 145 145 6.42972424671 1.09027649329
575 3 3 145 155 -6.39598816343 -7.16135184414
576 2 3 145 165 -9.57469789467 8.36465876531
577 1 4 145 175 -4.37501824159 -7.74639257417
578 2 3 145 185 9.62938559183 -3.00659735379
579 2 2 145 195 -8.5961454966 -5.07330944948
580 2 4 145 205 3.21585945932 -1.48414903361
581 2 4 145 215 5.4717884171 -7.19143264029
582 1 3 145 225 0.626862632904 3.29401680822
583 1 1 145 235 9.41077628124 0.817857812793
584 3 1 145 245 5.1471914237 4.792835277
585 1 4 145 255 -9.19115080623 5.25078656139
586 1 1 145 265 -5.82548253647 -0.98550282529
587 1 1 145 275 -5.57895661527 -1.83347215404
588 3 4 145 285 0.324807259401 0.506239548373
589 3 2 145 295 -9.13205421228 5.79052910344
590 2 3 145 305 1.03534257195 -2.70127960532
591 1 3 145 315 -5.26213183385 -5.04664346898
592 2 3 145 325 -9.99104792434 2.50873940059
593 1 3 145 335 -6.6958404083 8.6370574883
594 1 2 145 345 1.88800590314 3.78303412534
595 1 1 145 355 4.30512629186 4.42396033636
596 3 1 145 365 -2.16832871598 9.29439885169
597 3 4 145 375 5.42232889301 -7.90988897586
598 3 2 145 385 2.08817296084 8.1990698657
599 1 5 145 395 -7.99544831269 -1.35840921474
600 2 1 155 5 -1.47119107019 -6.16022071798
601 1 2 155 15 3.08704346443 -6.72241382497
602 1 1 155 25 3.56135570325 -8.54495507034
603 1 2 155 35 -1.23549746057 2.5094479176
604 3 3 155 45 2.40358041218 -6.26567409491
605 1 1 155 55 7.99348721337 7.79224193915
606 3 3 155 65 -1.26881798569 -5.56532648084
607 3 3 155 75 1.67306736023 6.01919994723
608 3 4 155 85 8.4890381917 3.80261088049
609 3 1 155 95 -4.22723484538 -5.50178231754
610 3 2 155 105 5.92994108623 -6.30966216138
611 3 4 155 115 8.99355890454 7.50975486587
612 2 3 155 125 -9.76426463416 -9.30613235155
613 3 5 155 135 -0.368501894535 -9.331417057
614 3 2 155 145 -6.65539184994 -3.03221836887
615 3 4 155 155 3.08937180329 -3.67101050832
616 2 2 155 165 9.29411600576 7.50278298737
617 2 3 155 175 -2.60703897855 7.15022244006
618 2 5 155 185 1.86673680314 -5.89144571041
619 3 5 155 195 9.10706690519 3.76847184385
620 3 1 155 205 -6.60127982966 6.96888505499
621 2 3 155 215 8.69341641291 -6.59154395379
622 2 1 155 225 7.7656934645 -6.16991383888
623 3 2 155 235 4.72315585376 -5.97967663042
624 3 5 155 245 5.38779368513 1.11107170446
625 2 3 155 255 1.63042881856 1.45811707239
626 3 5 155 265 -5.88363968062 1.82833928162
627 1 5 155 275 -9.1419005984 1.38414446381
628 1 1 155 285 0.903875882081 3.12798482709
629 1 4 155 295 -1.85896622092 -8.79793832605
630 3 3 155 305 -2.93120454253 3.3554093519
631 2 3 155 315 -9.31520869038 7.52044978809
632 1 2 155 325 -4.78998623928 -3.98821386717
633 3 4 155 335 6.05953641474 1.98983099164
634 2 4 155 345 7.45946615845 7.9802351216
635 1 4 155 355 -9.10285406764 -3.40875949745
636 3 1 155 365 -2.9681846409 -0.551425902828
637 3 4 155 375 9.1804366259 2.38163716113
638 2 5 155 385 -9.32625524512 -5.33209940366
639 1 1 155 395 -5.00233970643 -3.86601606635
640 1 2 165 5 -2.28642065295 1.38152274543
641 1 4 165 15 1.97645091351 -3.70231069592
642 2 3 165 25 -6.60765351855 1.67066350444
643 1 4 165 35 0.808193311626 3.69430340571
644 2 4 165 45 -8.54269300619 4.19056247877
645 2 5 165 55 -8.244524047 -6.2533648666
646 3 4 165 65 3.12501262785 9.7286047682
647 3 5 165 75 0.755833070328 0.299443593434
648 2 5 165 85 -6.58001377533 -9.88951341568
649 2 3 165 95 2.83232172415 0.264223545597
650 3 2 165 105 9.1445632099 4.9169301634
651 3 2 165 115 0.0392987244538 -6.79948429804
652 1 1 165 125 -7.04284269697 4.94141747706
653 3 1 165 135 1.19246505212 4.44850611364
654 1 4 165 145 7.80333156361 -3.66045616967
655 2 1 165 155 8.62445786964 -7.9929282485
656 1 5 165 165 3.63147288988 6.49584691715
657 3 1 165 175 1.07773057763 2.43997502252
658 3 2 165 185 -4.64830371002 -0.757566161548
659 1 1 165 195 7.4558961457 -1.49017345473
660 2 5 165 205 -9.51695867082 -4.76565417033
661 3 4 165 215 8.07269248271 -0.659036401012
662 1 5 165 225 9.09906219746 4.17781983299
663 2 5 165 235 -3.37609442691 -0.814207720168
664 3 2 165 245 5.51270654582 5.76193020403
665 3 3 165 255 9.17820461781 1.00937542833
666 2 4 165 265 -6.15688959087 8.84802849277
667 3 2 165 275 -3.27861311223 -0.537465803599
668 1 2 165 285 -1.48732599562 7.32579749551
669 1 5 165 295 4.91446737822 6.90318462979
670 1 1 165 305 -2.82901387746 -7.83330850379
671 2 5 165 315 -5.31954238911 3.27104244342
672 2 2 165 325 8.36562147642 3.76976848287
673 3 1 165 335 -6.74791129498 5.14960266482
674 1 5 165 345 4.87845398893 1.9796403691
675 1 1 165 355 -1.44057191316 4.88846200122
676 1 1 165 365 6.52622748242 -4.28039648415
677 1 4 165 375 2.90651047189 6.84871781736
678 2 3 165 385 -1.84135543808 -9.61756622606
679 2 5 165 395 -9.470678084 -8.72274243474
680 3 1 175 5 -2.21156786047 9.67502637918
681 2 2 175 15 -0.0386642305059 5.39205834407
682 1 2 175 25 9.43357478541 -8.08308127329
683 2 5 175 35 2.85673283317 -2.56698061782
684 3 1 175 45 -2.59600689435 8.66956161942
685 1 2 175 55 -0.462981581168 -1.39896919543
686 2 5 175 65 -5.00923113387 6.70293245773
687 1 4 175 75 -5.27415486306 1.59369440617
688 2 1 175 85 -5.86700921644 -7.89753376974
689 1 5 175 95 5.86780951666 2.48616703027
690 3 5 175 105 7.59833883424 8.33747645668
691 2 2 175 115 -7.42783969597 3.27962752715
692 3 2 175 125 8.42034970881 -5.03547049073
693 2 1 175 135 8.42746574093 -7.64805245923
694 3 1 175 145 7.56292436149 9.5152754691
695 2 4 175 155 -1.27122146358 0.122665013708
696 1 1 175 165 -1.34299999519 0.840066702413
697 2 5 175 175 4.2280645448 7.03975740145
698 1 5 175 185 -4.92900547104 1.68193224736
699 3 3 175 195 8.10282691458 6.16298260491
700 1 1 175 205 0.297525586306 -3.05463532136
701 3 2 175 215 -1.86313490118 1.9104947252
702 2 1 175 225 1.89146109135 0.868637364352
703 3 3 175 235 2.04930547316 2.95000315178
704 2 2 175 245 -4.21388289751 -1.65623874206
705 1 5 175 255 1.74228524513 -4.11904567474
706 3 1 175 265 4.462717439 -4.85750051765
707 2 3 175 275 -7.82872248234 3.53524733578
708 1 1 175 285 -7.98038210672 8.4638267658
709 2 4 175 295 1.43984824496 7.58815523742
710 2 1 175 305 -9.58599117043 3.28087553275
711 1 3 175 315 8.8422510525 4.85634858816
712 3 3 175 325 -5.12390466828 3.38965331307
713 2 1 175 335 -4.47590297486 9.36624139833
714 2 5 175 345 5.53818681488 1.91801725555
715 3 1 175 355 -6.89927027231 -4.36122999316
716 1 3 175 365 1.42742823082 1.49216792944
717 3 1 175 375 3.37342996244 -6.53504995885
718 1 5 175 385 7.06772563923 -7.46701623531
719 2 3 175 395 5.14617269423 -2.34292418676
720 1 2 185 5 -7.65078230216 5.41334998747
721 1 3 185 15 -5.1027556514 -1.14218624521
722 3 4 185 25 8.72360811172 3.17582093569
723 2 2 185 35 7.23102551901 6.17919800194
724 2 3 185 45 3.02560874029 4.26072009291
725 2 4 185 55 8.84291718332 -3.75162558183
726 2 1 185 65 -9.19660876396 -3.40220512369
727 3 4 185 75 -6.09471490952 -1.33328772278
728 2 4 185 85 -4.22361668026 -9.84279486525
729 3 1 185 95 6.6934607924 -3.87932688222
730 2 5 185 105 2.2222315197 5.8036405688
731 2 4 185 115 6.47242627012 -9.68880571747
732 3 2 185 125 1.09834250646 -0.0776905996269
733 2 2 185 135 -6.89039676676 -5.07520490091
734 3 4 185 145 8.37817210278 9.45804254631
735 1 3 185 155 0.0969581347895 5.53414174702
736 2 2 185 165 -5.66034299814 -4.28088948029
737 1 4 185 175 -9.15944108737 3.92427912294
738 2 4 185 185 3.63390615796 3.62207822906
739 1 2 185 195 -7.54692798046 -3.03001223096
740 3 5 185 205 -0.650914011567 -8.15484105432
741 3 5 185 215 -1.13276047446 -0.532961502545
742 2 1 185 225 0.555811829114 3.51644378786
743 3 2 185 235 -9.60386245456 1.39446452017
744 3 3 185 245 9.87794137341 -8.3735716514
745 2 5 185 255 9.57517724917 -5.14054859757
746 3 2 185 265 -3.33614703268 3.34462350125
747 1 3 185 275 0.25252566524 -4.70315513135
748 2 4 185 285 7.29778011094 9.61341955904
749 3 2 185 295 -5.84565958 1.60957244034
750 1 2 185 305 -8.29381453078 -3.61479026062
751 1 1 185 315 6.70202385806 8.7111822339
752 2 4 185 325 0.55049829329 -5.82435318076
753 2 1 185 335 -9.22611069911 -2.7262782416
754 1 1 185 345 -1.71723565398 3.46842068296
755 1 3 185 355 1.8544708704 -9.05831349238
756 3 4 185 365 9.80959048091 -0.11635997129
757 1 2 185 375 4.08662426787 7.01168413503
758 2 4 185 385 1.06055949756 -9.71053638008
759 3 5 185 395 -7.84926649521 -0.485981132023
760 3 3 195 5 4.79695373602 4.06980060234
761 1 5 195 15 -9.45841761603 2.41313590931
762 2 4 195 25 8.29617737237 9.98667764448
763 3 1 195 35 -7.86091326099 4.17347937596
764 1 4 195 45 -7.13687092289 9.43480505837
765 3 1 195 55 -7.05318461174 -7.67005334464
766 3 4 195 65 6.08758195072 6.32255820798
767 1 2 195 75 -6.57757880543 4.67698197158
768 2 1 195 85 -1.39625281529 6.02756749575
769 3 2 195 95 -5.93882390083 4.88144002607
770 1 3 195 105 -8.39416560426 -7.88730272823
771 2 1 195 115 9.02321883303 4.64887708929
772 1 3 195 125 4.39070139225 0.800140438807
773 3 5 195 135 7.24669805165 4.17596432007
774 2 1 195 145 -7.71422142118 -6.4333635345
775 3 1 195 155 -9.11973133097 -9.78656963747
776 3 5 195 165 7.261098366 -3.15042293912
777 1 4 195 175 -2.75941782324 -5.79411637495
778 2 1 195 185 6.46475627963 -2.28825757673
779 3 1 195 195 -8.29953248616 -0.0846630410263
780 1 3 195 205 -0.246076852581 -2.138414427
781 1 3 195 215 8.89982916797 -3.2086632229
782 1 5 195 225 0.45398657976 -4.52708252197
783 2 1 195 235 0.0172176380594 -1.46880369424
784 1 2 195 245 1.79031858207 -9.15544527308
785 3 3 195 255 0.0884183590648 9.13287906238
786 2 3 195 265 -5.54378369641 -1.15917868602
787 3 3 195 275 3.20125332831 -8.49828668645
788 1 3 195 285 -3.06450137706 -9.94015115028
789 2 1 195 295 5.21075303801 -4.23186565167
790 2 1 195 305 3.67754032708 3.99215484932
791 2 2 195 315 9.71382872828 -0.850116093763
792 2 1 195 325 7.79695482208 -5.48241717513
793 1 4 195 335 7.79643677995 -9.54404490371
794 1 5 195 345 -7.51302549184 -0.0754468586379
795 3 3 195 355 -8.47213645931 0.967459762918
796 1 2 195 365 5.75830920865 8.97795399831
797 3 2 195 375 0.211125069895 2.02465146216
798 2 1 195 385 7.91584097948 3.171670724
799 3 2 195 395 6.43063233268 0.267596922452
800 1 4 205 5 -2.61927986743 -4.03363738141
801 1 2 205 15 -9.49948712346 -5.56024136614
802 1 5 205 25 2.55376529037 6.1880520984
803 1 5 205 35 3.12773350249 4.66182348302
804 1 2 205 45 -1.93039749798 0.356292847474
805 2 4 205 55 -0.54593163448 6.9073630216
806 3 5 205 65 6.44960950291 -1.0915921949
807 3 4 205 75 -8.61897270441 9.98292070502
808 2 2 205 85 2.05697747805 8.55571460222
809 2 3 205 95 -4.94019361266 2.51333399505
810 2 4 205 105 2.17381788285 -0.0811839066751
811 1 4 205 115 3.65491722111 7.70258878467
812 1 1 205 125 1.30619272127 -0.156334039355
813 2 5 205 135 1.52087140188 3.238737967
814 2 3 205 145 9.15911163526 3.7005887417
815 2 2 205 155 6.92002803235 -8.85915489908
816 3 1 205 165 -1.53193507701 -7.84357410425
817 3 1 205 175 -7.6570670615 -7.53715382227
818 1 1 205 185 -0.985305316976 -1.33604572358
819 2 3 205 195 -1.29839401051 -4.29742265754
820 3 2 205 205 -7.81551068074 5.46428991927
821 2 4 205 215 -8.19567285173 -5.43480289265
822 2 2 205 225 8.4514554836 -8.67043508752
823 3 5 205 235 -5.67661474064 2.45672517887
824 1 2 205 245 5.3750706678 -7.41290095245
825 2 5 205 255 2.25736439021 8.65855003768
826 1 5 205 265 9.85130064603 8.71592190831
827 1 5 205 275 6.56369988652 -0.285924444042
828 1 2 205 285 9.97805954929 -5.00818526118
829 3 5 205 295 -2.57909339492 1.46314215897
830 2 2 205 305 7.14193605293 1.23284009655
831 1 1 205 315 -8.456015008 -6.6639843631
832 3 4 205 325 -6.48926385309 0.428059957333
833 2 4 205 335 3.14291786993 -1.97411633541
834 3 1 205 345 1.18549982763 -9.14246387936
835 2 4 205 355 -7.75237398368 -7.50124100278
836 1 4 205 365 1.51616757239 -1.10370201796
837 1 5 205 375 -8.34893759525 7.9109997819
838 2 5 205 385 4.80100332741 -9.08598531705
839 2 5 205 395 -1.21893211865 8.05292790916
840 2 3 215 5 -7.62565344411 -4.19960557247
841 1 1 215 15 -7.02130442785 5.22090793963
842 3 1 215 25 -9.40234068882 -9.62135841384
843 2 3 215 35 -1.18804170203 -5.95634247639
844 3 4 215 45 6.7870235682 -4.36482796881
845 3 2 215 55 8.87146390468 7.5185451876
846 2 4 215 65 5.72738314802 -8.16152896829
847 3 4 215 75 7.42066311171 -4.3378190529
848 2 2 215 85 -6.82887138875 -0.725460642308
849 2 3 215 95 -5.16082306076 8.28763900652
850 3 1 215 105 8.71867158005 6.71204896643
851 2 5 215 115 1.13459722036 9.98858291786
852 3 1 215 125 4.58489405611 1.38867649099
853 1 3 215 135 -8.15150773503 5.55930671736
854 3 3 215 145 1.45162623422 -0.531879065815
855 2 4 215 155 -3.06933474955 2.29942578014
856 3 5 215 165 5.29372308331 4.09282668434
857 3 4 215 175 6.1618493009 -4.84039919052
858 3 5 215 185 6.48577797317 -5.07904011465
859 3 2 215 195 0.134630765657 -4.10336200773
860 1 2 215 205 -9.9467134636 9.86958286772
861 3 4 215 215 2.72940687435 0.794798379984
862 3 1 215 225 -0.732718630741 -5.21172476155
863 3 5 215 235 -7.39348541743 -4.12855943571
864 3 5 215 245 -4.97933819231 8.8273305038
865 2 3 215 255 -0.558135173827 -5.31454848828
866 1 2 215 265 -2.81031098053 6.20020233418
867 3 4 215 275 6.75449336894 8.23932549821
868 3 3 215 285 -2.72758785635 -5.78549717343
869 3 1 215 295 -8.21390811291 2.7594756327
870 3 1 215 305 -9.91954677842 1.92756877231
871 1 1 215 315 -1.72931073066 -6.53434926091
872 2 2 215 325 4.57763805774 -3.68228711433
873 1 1 215 335 -9.34322943148 9.21593429017
874 2 5 215 345 -5.69967607087 -9.59350224766
875 3 3 215 355 9.49022657675 3.9390733452
876 2 5 215 365 -9.15512771513 -2.9965717742
877 1 4 215 375 4.45303339408 8.48792990375
878 2 4 215 385 -1.50802228123 -7.13029141897
879 3 1 215 395 -2.9510942092 -0.782955962268
880 1 3 225 5 7.61316304236 1.59712033079
881 2 2 225 15 7.05250219311 -3.17398110259
882 3 1 225 25 -0.0815477391025 -4.62796325801
883 3 2 225 35 -4.59216138702 -6.58620404526
884 2 2 225 45 -5.12130561 -6.60746875362
885 1 5 225 55 -3.5480532652 9.34013717353
886 2 5 225 65 -3.49806739741 -4.57929877243
887 2 1 225 75 -2.35502035359 -7.90833741153
888 1 5 225 85 6.41452050412 -9.77612971547
889 3 3 225 95 -7.37207924826 6.68572487034
890 3 3 225 105 3.73041918296 -7.34955699071
891 1 5 225 115 -8.79205498088 -0.378580121531
892 1 1 225 125 -0.993833529588 -4.43871966927
893 2 4 225 135 6.19036929339 0.539445073979
894 2 4 225 145 2.99414645313 -3.11730167607
895 1 5 225 155 7.68658608193 4.87548303621
896 3 5 225 165 3.38051392728 6.47331560667
897 3 5 225 175 -8.67193419153 -4.42746922034
898 2 4 225 185 -2.46038792063 8.64004679099
899 3 3 225 195 -2.26678444661 4.63757897151
900 1 5 225 205 -6.27401440242 -4.59587279063
901 2 5 225 215 6.74300554691 5.32167594341
902 1 5 225 225 8.91875313645 1.09026484492
903 2 2 225 235 -5.39231754074 -7.11895743533
904 2 3 225 245 8.5772575609 0.31303658863
905 2 3 225 255 -9.59028600343 -8.01739510596
906 3 5 225 265 -6.51600669405 1.94574526546
907 1 4 225 275 -7.0147484842 2.69143616647
908 2 5 225 285 9.83746524292 0.435828095334
909 1 5 225 295 2.53372287613 -5.00972889158
910 3 5 225 305 -8.3795645199 2.41109970736
911 2 4 225 315 2.30414399912 7.13899518676
912 2 2 225 325 9.85173263579 -0.0766202575123
913 2 2 225 335 -5.74939960075 8.79541914142
914 2 3 225 345 6.21694463677 4.67020119443
915 2 1 225 355 -5.17436093102 3.67153272733
916 3 3 225 365 0.103535013284 4.7115610049
917 3 1 225 375 -8.52255343433 -4.96649336108
918 3 1 225 385 -5.98386334663 -7.53428004383
919 3 2 225 395 3.06706640457 1.30089102474
920 2 1 235 5 -4.69636964457 5.0466767341
921 2 4 235 15 0.0165680073043 8.58019579566
922 3 5 235 25 -2.34253811056 -0.0555812822984
923 1 3 235 35 -0.882155431374 2.41214787567
924 1 3 235 45 -6.69152918229 2.33631823829
925 1 3 235 55 -6.26252304534 4.45077520688
926 2 2 235 65 5.92171732653 9.56388525242
927 2 5 235 75 -6.95908452203 -2.89514998391
928 2 1 235 85 -1.39829216607 4.41740512244
929 3 5 235 95 4.6744192922 -4.48546297372
930 2 2 235 105 -9.78258946907 -9.41837158645
931 3 4 235 115 4.89668880619 -0.146661514631
932 1 4 235 125 7.28246735764 -9.69775410213
933 1 5 235 135 7.78574818987 5.97636809398
934 1 5 235 145 -7.96221678517 -0.214228936444
935 1 5 235 155 -0.147092744578 -1.25201637175
936 2 1 235 165 5.121446032 -4.1170804679
937 3 5 235 175 4.14750481424 9.81666694785
938 1 5 235 185 9.06081323116 -8.44915592797
939 3 5 235 195 -9.374694523 6.05322220579
940 2 5 235 205 -2.11738367376 1.38448839026
941 2 5 235 215 -4.12373590079 7.62563608098
942 3 1 235 225 -9.66298928767 -1.83418101714
943 2 3 235 235 0.14850347752 -5.24133629622
944 3 5 235 245 -9.19901109885 -9.61500676472
945 1 4 235 255 -4.34460877793 8.98367215308
946 3 5 235 265 -0.766841321076 7.62280358983
947 2 1 235 275 -7.97586946792 -2.02770291506
948 3 2 235 285 4.95003776208 -7.4371102282
949 3 4 235 295 2.94244214322 -6.03935403226
950 3 4 235 305 0.543174427154 2.27234458481
951 3 2 235 315 -6.90028560854 8.82855171965
952 1 4 235 325 -2.58279576154 -8.21134581977
953 1 3 235 335 -2.1331803601 -0.595149023547
954 3 4 235 345 -0.7978432446 2.25571975496
955 2 3 235 355 3.17896669064 0.664918640331
956 2 3 235 365 -2.46027858538 5.46557466201
957 2 5 235 375 7.47246129826 5.12198585374
958 1 5 235 385 5.95177386971 -2.64606480261
959 3 1 235 395 0.565464839863 -6.38055223472
960 1 3 245 5 -1.33264901077 1.52427640228
961 1 5 245 15 -2.84424732879 -5.23543740729
962 3 5 245 25 4.27983238333 -9.99513448441
963 2 2 245 35 -6.66421526857 -0.391570154825
964 2 1 245 45 -0.4135266714 4.04286888192
965 2 5 245 55 6.08334943915 -3.2110953727
966 1 5 245 65 -8.98898130231 -6.28288446693
967 1 4 245 75 -3.2953990473 -3.14745772945
968 1 5 245 85 5.56853574991 -1.41088251761
969 3 5 245 95 3.4337302299 0.850097058928
970 3 5 245 105 -9.63641511689 2.45624666507
971 1 1 245 115 -3.24359147163 1.52387752837
972 3 2 245 125 -7.02710869408 -3.4540950382
973 1 5 245 135 -7.296225814 -2.66928049483
974 2 2 245 145 2.66218764696 1.35116593847
975 2 5 245 155 -5.3894191358 0.61453792074
976 1 1 245 165 1.97906697733 -9.10878907385
977 2 3 245 175 -7.20699557243 -0.801801576018
978 1 3 245 185 -7.91440644481 -9.38895831589
979 1 3 245 195 8.88593619811 -9.82959510977
980 1 3 245 205 0.718762104483 -7.49447343432
981 3 2 245 215 -4.9603068599 -1.21871739785
982 2 2 245 225 7.26030910856 -2.27917648986
983 3 5 245 235 -1.24617788186 -9.83784625754
984 1 5 245 245 3.48849540351 5.47609687004
985 1 2 245 255 8.37210555434 7.48400419454
986 3 2 245 265 9.9610260552 7.25417199356
987 1 1 245 275 2.17735298528 -8.04176342998
988 3 1 245 285 -7.27431082078 2.27056200698
989 3 4 245 295 2.55267805718 1.48035934179
990 3 1 245 305 -4.8200739283 9.79171581408
991 2 5 245 315 4.61197729031 -8.08726302034
992 2 3 245 325 -1.32723071131 1.48855958078
993 1 2 245 335 -6.99871716399 2.62812405435
994 3 5 245 345 -8.4195294105 4.58541997955
995 3 1 245 355 2.67901016382 7.12070680906
996 2 4 245 365 -9.76120178929 8.8383879778
997 2 1 245 375 -1.46426951223 -7.34928052015
998 3 1 245 385 9.43803130611 7.23671831622
999 2 3 245 395 4.30997165258 -5.17669502841
1000 2 2 255 5 5.59138922015 9.40197802553
1001 3 1 255 15 7.25687835096 -3.92657212722
1002 1 5 255 25 -5.82310171793 5.98367172912
1003 1 5 255 35 -8.34252939695 -0.255020685757
1004 2 5 255 45 -7.68227820324 7.26112857619
1005 3 5 255 55 0.88119981235 -1.48231855734
1006 1 5 255 65 0.271029529262 -6.79499966771
1007 2 4 255 75 -2.72376498569 9.33418104838
1008 1 3 255 85 6.75282708715 0.0650539913899
1009 1 3 255 95 -8.30943957964 1.39758086502
1010 3 4 255 105 4.41358533425 7.27256687012
1011 2 3 255 115 -8.28077802567 -0.473170469972
1012 3 4 255 125 2.0862582786 -5.3614490233
1013 3 5 255 135 -5.05857245876 -1.99314037349
1014 1 4 255 145 -9.24421790169 -8.4038594195
1015 2 2 255 155 -8.39286465603 2.59423948755
1016 1 4 255 165 -9.30273364934 8.80847308229
1017 2 1 255 175 4.36918512591 -0.532217527545
1018 2 2 255 185 -4.10077462135 5.50349687881
1019 2 4 255 195 -5.31623519972 -7.47100721218
1020 1 2 255 205 2.13115486445 7.06472251152
1021 1 4 255 215 6.79913159117 -3.08704019568
1022 1 1 255 225 3.65226423017 -3.98976712893
1023 2 3 255 235 -4.8677537216 -7.06257528514
1024 1 2 255 245 -2.43739743501 5.10926016327
1025 3 3 255 255 7.87032229459 4.94296271471
1026 1 3 255 265 -9.6815542417 -5.48895580413
1027 3 2 255 275 6.87855956453 -0.542533245931
1028 3 2 255 285 -8.7541971045 -5.78499196466
1029 2 3 255 295 -3.83669487029 -1.79557338115
1030 1 5 255 305 -7.4479300846 2.3528627637
1031 1 1 255 315 -4.03049844594 1.65375054514
1032 2 5 255 325 -7.59736167556 -5.46594378793
1033 1 1 255 335 3.97794217131 5.81754542413
1034 2 2 255 345 7.03700664766 3.51703124047
1035 2 5 255 355 -7.31037799119 -8.0550683105
1036 1 1 255 365 -9.84995257776 -6.21456999076
1037 3 2 255 375 2.61648600118 -6.88958595378
1038 2 3 255 385 -0.225722088381 -9.82519725487
1039 3 3 255 395 8.78944344026 7.81884392253
1040 1 3 265 5 8.18948849239 8.39418822875
1041 3 1 265 15 4.18044752197 5.41601443238
1042 1 5 265 25 4.9036156406 -9.23423529302
1043 2 5 265 35 -0.207553420795 6.31990317367
1044 2 5 265 45 -0.108107041302 -1.28887545994
1045 3 2 265 55 -8.9569932086 5.97581887855
1046 3 2 265 65 7.59230758598 1.49451906582
1047 1 5 265 75 -3.55931525334 2.07761755264
1048 1 4 265 85 -3.78917478458 2.48439858224
1049 2 1 265 95 -0.727930893116 5.82181662606
1050 3 4 265 105 6.50865311827 -4.61185873567
1051 1 4 265 115 -1.45199772966 -3.76507103797
1052 2 4 265 125 -4.90585804095 -2.86886912372
1053 2 4 265 135 -8.61982418284 -3.43594490837
1054 3 1 265 145 6.42149238822 7.8709327139
1055 2 5 265 155 9.8996188586 0.824615243554
1056 3 1 265 165 4.47827422414 -8.11303468051
1057 1 3 265 175 -3.79912968202 -3.00714415041
1058 3 2 265 185 9.19217280333 -4.33613490374
1059 3 3 265 195 -2.56633973543 7.76231325883
1060 2 1 265 205 -6.94824745456 3.31456694101
1061 1 1 265 215 5.42462715522 -3.5315314846
1062 1 1 265 225 1.79633738732 7.76793481679
1063 3 3 265 235 -7.28373860599 5.25909894667
1064 3 4 265 245 -4.86541000485 -0.85392233371
1065 3 3 265 255 5.27473284299 -6.52958943144
1066 1 4 265 265 -3.8096495635 -9.55147123182
1067 1 4 265 275 2.17525569884 -9.11230619429
1068 3 1 265 285 -1.60103794943 9.6097246188
1069 1 5 265 295 -9.60412147236 -0.767218577538
1070 2 3 265 305 6.65330998944 -3.98735148875
1071 3 4 265 315 2.95547088533 -9.99660678016
1072 3 3 265 325 -4.55890928913 3.91032571667
1073 1 5 265 335 -1.87474857501 2.48680442618
1074 2 5 265 345 -4.92707429293 5.67574966946
1075 1 4 265 355 -4.83764246637 -0.235090677998
1076 2 1 265 365 9.75854348416 7.68907241384
1077 3 1 265 375 -3.09794153456 7.70951497801
1078 1 2 265 385 -8.46119654931 4.24905950697
1079 1 2 265 395 -8.74136262349 -0.803723720081
1080 2 2 275 5 -0.533633839255 -5.59372253312
1081 1 5 275 15 9.39707152472 2.39174352436
1082 1 4 275 25 3.64020361054 -2.81736214601
1083 1 2 275 35 7.20489482845 -9.41830259068
1084 2 2 275 45 3.32656228343 -8.96578060089
1085 2 2 275 55 7.27961424225 -3.47091455096
1086 1 3 275 65 -2.1619557086 5.75154073054
1087 1 1 275 75 6.12704072995 -8.21445457975
1088 2 4 275 85 7.70953777359 -9.14582370067
1089 2 5 275 95 -4.90601236584 -2.71559755806
1090 2 4 275 105 9.19636628515 -0.868282828457
1091 1 4 275 115 -0.538278004208 7.06972314041
1092 2 4 275 125 9.78767979563 5.60226308585
1093 1 1 275 135 4.57862748813 -1.78461863712
1094 2 4 275 145 4.9921946719 -4.80912722322
1095 1 1 275 155 -7.01415976649 -8.12183042029
1096 2 2 275 165 -4.05012669629 2.75708342702
1097 3 5 275 175 -7.05227155078 7.43348535372
1098 3 2 275 185 6.20636735916 -9.76117235741
1099 1 2 275 195 -3.79047810423 4.99080039047
1100 2 4 275 205 3.36441037489 -3.06594987002
1101 1 4 275 215 6.71113163104 4.71703976807
1102 1 4 275 225 -6.42396791675 0.58729410887
1103 1 5 275 235 2.49443541854 -4.12754903781
1104 3 4 275 245 -9.28336697757 -4.36728103378
1105 2 4 275 255 -4.89913642845 0.513560027269
1106 1 3 275 265 3.9524469816 -0.847872706821
1107 1 4 275 275 2.60908176885 7.75089577299
1108 1 4 275 285 9.0483711844 1.79734107291
1109 2 1 275 295 -3.73879256419 9.93878381051
1110 3 5 275 305 -0.39484118339 8.78087533304
1111 1 5 275 315 7.79063443694 -3.67776926219
1112 2 4 275 325 9.93636498447 8.06600515748
1113 3 5 275 335 -9.81574350316 -9.73854000607
1114 2 5 275 345 -0.844192634817 -7.38809547044
1115 3 1 275 355 9.50244916905 -5.88429496115
1116 1 2 275 365 3.54735097511 5.90052718196
1117 1 3 275 375 -3.53205383299 4.10551695084
1118 1 3 275 385 -9.3072149933 5.70179868864
1119 2 4 275 395 8.38031361016 -9.36950299739
1120 2 3 285 5 -2.8634445026 7.32543813037
1121 1 3 285 15 8.97356820264 4.45125401022
1122 1 5 285 25 0.0927549338983 -5.06283323052
1123 3 4 285 35 -8.3223227372 4.40763145156
1124 1 5 285 45 4.33451178898 1.81536301654
1125 2 4 285 55 4.29323043525 -2.773473422
1126 1 3 285 65 7.72575017062 -6.5156907803
1127 2 1 285 75 -9.96982506858 -9.35459330248
1128 3 5 285 85 7.59929437222 -0.302936091762
1129 2 2 285 95 -4.68646084269 -2.50770453332
1130 3 1 285 105 -2.32914972558 9.58057326312
1131 1 1 285 115 9.43631748802 -9.31034304825
1132 3 4 285 125 0.169550426495 -4.66978019827
1133 2 2 285 135 -4.36324044239 -4.48424625093
1134 3 5 285 145 9.04329521998 -1.80936352123
1135 3 3 285 155 2.19515669753 -6.05528417954
1136 2 2 285 165 -7.48844558058 9.44625106063
1137 1 5 285 175 -4.93061452663 8.70401406892
1138 3 2 285 185 -7.35761753946 -7.94317100016
1139 2 3 285 195 4.12422149887 5.08050572282
1140 1 2 285 205 4.6905203248 6.84429388881
1141 2 2 285 215 -3.23790360619 6.19676550962
1142 1 3 285 225 3.04419340747 -3.11305051407
1143 3 3 285 235 -7.87455376289 1.80773599706
1144 2 1 285 245 -5.62829592107 6.84390655867
1145 3 2 285 255 2.76136173583 -6.42939394029
1146 2 5 285 265 -9.21796851314 -6.38858521727
1147 3 5 285 275 9.35709303555 -2.64338304629
1148 1 1 285 285 -6.89154569374 -5.3096822849
1149 3 2 285 295 -5.79812967076 4.22997937281
1150 1 1 285 305 4.82282446174 -7.2818411964
1151 1 2 285 315 -0.0369374702062 -6.76252544249
1152 1 2 285 325 -4.67543198471 9.15431732381
1153 3 1 285 335 -6.28869879379 -6.99317639234
1154 3 4 285 345 7.22993763091 0.323149056335
1155 3 5 285 355 0.0167773274166 -3.7762005975
1156 1 3 285 365 -2.25548390971 4.20252086149
1157 1 2 285 375 -2.93625851453 -8.88774369386
1158 3 1 285 385 -1.29876447983 2.43830433644
1159 2 1 285 395 3.83503045199 1.87844536595
1160 3 5 295 5 -3.96337047367 -6.39402495277
1161 3 5 295 15 5.28987002447 -6.37405550984
1162 1 4 295 25 8.11647476759 2.71005205788
1163 3 1 295 35 -9.33540926031 9.30769186154
1164 3 5 295 45 1.48298564379 8.58569359038
1165 2 4 295 55 -9.72523691503 -4.93399680381
1166 3 4 295 65 2.37161105614 1.30341866937
1167 3 5 295 75 -0.487162849063 -3.41938678594
1168 3 3 295 85 5.33018864532 2.01959273549
1169 1 5 295 95 -8.30598040046 8.25850782102
1170 2 2 295 105 -8.0925699902 -8.70733490188
1171 3 2 295 115 6.96326559195 -5.74298076481
1172 1 3 295 125 -5.22127718477 7.1469439614
1173 1 2 295 135 0.895023007895 9.54057763314
1174 2 2 295 145 -4.6858261857 -1.78498185932
1175 3 5 295 155 -2.26689553128 7.7457496354
1176 3 2 295 165 8.04035010932 -9.81919571842
1177 1 1 295 175 -3.9606393578 8.08382860373
1178 2 2 295 185 8.66043236644 3.52956489807
1179 3 1 295 195 -1.64990591184 -8.90117193279
1180 1 2 295 205 -5.11404319042 -1.88249861779
1181 2 1 295 215 -1.15153799657 9.04652684415
1182 2 2 295 225 8.88297161115 -2.51452599781
1183 1 5 295 235 4.36342197315 3.43954956769
1184 3 1 295 245 1.1194060419 0.495028073528
1185 1 5 295 255 4.56281808806 -7.30407224397
1186 2 2 295 265 -1.7850042618 -2.54648034895
1187 1 3 295 275 -5.61433622328 -9.08089433316
1188 1 3 295 285 -0.824479849782 1.54973114034
1189 3 3 295 295 -1.80399384556 3.35639690689
1190 3 5 295 305 3.36548775223 -6.71362897491
1191 2 2 295 315 4.90796850328 -8.71996904683
1192 1 4 295 325 9.44103734483 -5.07042399164
1193 1 5 295 335 5.73987822309 -8.75835560013
1194 3 1 295 345 -4.62187501667 -6.63014653461
1195 1 2 295 355 -6.99266707424 -5.69221986133
1196 2 3 295 365 9.24347413829 -7.25437462903
1197 3 4 295 375 8.11095652713 4.74860152743
1198 2 4 295 385 -6.41009450293 0.542554156412
1199 2 3 295 395 2.13969048522 -4.41367746179
1200 2 4 305 5 -0.553039394935 -1.81487905425
1201 3 4 305 15 -6.21208015013 -8.20131930849
1202 2 5 305 25 -6.31984444614 -9.42255560753
1203 2 5 305 35 2.87594656111 6.35756432232
1204 2 4 305 45 -7.9176723893 -6.71767918376
1205 1 5 305 55 -2.16238130768 -8.72416514598
1206 1 5 305 65 -5.25405792279 -5.54568829775
1207 2 1 305 75 -9.17313122483 -2.83121432453
1208 3 5 305 85 5.03920228443 8.64449544466
1209 3 3 305 95 0.186337381591 -3.32973853884
1210 2 1 305 105 -8.377421379 -5.51280512598
1211 1 2 305 115 -3.39711867011 -3.34498246942
1212 3 2 305 125 4.74664519421 -3.35733363925
1213 1 5 305 135 -7.17554958573 9.34554493503
1214 3 2 305 145 6.81709576969 0.822094190846
1215 3 1 305 155 -0.821349000395 -1.32835236091
1216 2 2 305 165 -1.55640355959 -4.30325485013
1217 3 3 305 175 -6.5127864442 -3.44871307321
1218 2 4 305 185 -6.99156205157 0.614859322538
1219 1 4 305 195 -3.94412807163 7.57644697688
1220 3 3 305 205 -4.04794722759 9.92598643378
1221 3 3 305 215 -4.98724800905 5.47807788135
1222 3 4 305 225 -3.05530330032 -0.122424881345
1223 3 1 305 235 -6.98913541899 -6.27297944868
1224 1 3 305 245 3.50553420053 2.47468339763
1225 1 1 305 255 6.49198543891 -2.7172561065
1226 2 3 305 265 7.94293602233 7.10633663413
1227 2 1 305 275 -4.18348996063 5.95767075461
1228 2 1 305 285 7.81291340689 -1.05492109881
1229 2 3 305 295 7.74755392371 8.44983994921
1230 1 2 305 305 9.56619678487 4.95231199133
1231 1 2 305 315 8.41533811646 4.89460583729
1232 2 4 305 325 9.92621303178 9.16455760971
1233 1 2 305 335 3.66003381638 0.217871516728
1234 1 1 305 345 -1.26398817829 -1.8738138129
1235 2 5 305 355 3.77271562708 9.00023819795
1236 1 5 305 365 -2.9960133659 7.99483468099
1237 2 1 305 375 3.44552498079 -1.78589264446
1238 1 2 305 385 7.31268830816 2.13487526308
1239 3 5 305 395 2.73850594578 -3.6027720729
1240 1 5 315 5 0.775609462016 -0.998770733498
1241 3 4 315 15 5.37054970516 -8.54977291553
1242 1 1 315 25 -8.16041046664 -1.89581974059
1243 1 1 315 35 -3.16463783728 -4.45562825581
1244 3 5 315 45 5.30247152943 6.86227710313
1245 3 4 315 55 7.37567765806 -8.07701136493
1246 1 1 315 65 4.3258847109 1.07538271482
1247 1 3 315 75 -1.99111368515 3.61486684857
1248 1 5 315 85 5.48007418764 -9.1129769446
1249 1 5 315 95 -1.66551237931 -3.62816166607
1250 1 5 315 105 -4.54473913764 -3.33694927032
1251 3 5 315 115 2.11385428732 8.69142304905
1252 3 2 315 125 1.34416410891 -5.70300931077
1253 2 3 315 135 9.71252125196 -2.77465969845
1254 2 4 315 145 -4.08844837686 3.27150542614
1255 2 4 315 155 -6.31132364459 3.16668228536
1256 2 1 315 165 -0.442198753778 6.25336845868
1257 1 5 315 175 5.76775096435 -9.59361839338
1258 2 3 315 185 -9.87275569279 -7.08173871898
1259 1 4 315 195 -9.93046506242 2.28404513674
1260 3 4 315 205 -9.21040502714 -6.8370394117
1261 1 4 315 215 -9.92211344331 -1.84029895021
1262 1 1 315 225 0.450793287681 4.2914874959
1263 2 2 315 235 -2.00053115433 -4.7666665602
1264 1 5 315 245 -7.94911628219 -4.17418245061
1265 3 5 315 255 1.19853514229 5.74692724929
1266 1 4 315 265 7.47473573144 -8.69552447595
1267 2 5 315 275 6.92450315304 -7.94445744342
1268 2 2 315 285 -7.42652183362 4.12942871732
1269 1 2 315 295 -8.35463880377 9.25570565332
1270 1 1 315 305 -4.47826046568 4.69959936068
1271 1 3 315 315 7.5128338842 7.13426826256
1272 2 2 315 325 1.99031569114 -4.6536520095
1273 2 3 315 335 7.44777517919 -7.96279210064
1274 2 1 315 345 4.95433638092 -0.571108817285
1275 3 5 315 355 4.25767220012 3.15162999125
1276 2 3 315 365 -3.06288448865 -3.75158679091
1277 2 2 315 375 3.58276986122 7.876263197
1278 1 4 315 385 -8.37700938832 -9.76755018314
1279 2 2 315 395 -2.02127699821 5.03609340106
1280 1 3 325 5 3.51467984302 7.91949811952
1281 1 2 325 15 -7.85772721641 -3.40783702109
1282 2 3 325 25 -1.23075406188 2.62567210332
1283 3 2 325 35 2.40902031779 -7.02424792426
1284 1 4 325 45 9.05747579552 -3.80500749358
1285 2 4 325 55 2.00445535628 -0.604142573279
1286 1 1 325 65 -6.25345701375 0.874968580848
1287 1 4 325 75 -8.96052067286 2.61711898681
1288 3 2 325 85 1.90596552493 3.21494969696
1289 2 4 325 95 -6.07383702625 2.06997647913
1290 2 2 325 105 -2.9643924134 -0.348339435468
1291 1 5 325 115 9.26227156492 -8.81951926023
1292 2 2 325 125 8.97846703147 4.5926118024
1293 3 2 325 135 -1.04346146544 1.49529734247
1294 2 3 325 145 3.20766639895 -7.36096452017
1295 1 2 325 155 -3.28771665455 8.05745943127
1296 2 5 325 165 1.8675329919 8.77288531278
1297 2 1 325 175 4.96113340532 -1.31481238486
1298 2 3 325 185 3.12300226431 7.16191309879
1299 2 3 325 195 -4.50501163707 2.86060689773
1300 2 4 325 205 -0.920857478038 2.60651671926
1301 1 1 325 215 -8.8231144841 -6.30088880482
1302 2 2 325 225 8.12292921425 8.01311033207
1303 1 5 325 235 -0.447118123348 3.26128585889
1304 3 5 325 245 -5.71812662269 8.53038343111
1305 1 5 325 255 8.50687638999 -2.29046423767
1306 3 2 325 265 1.28897928119 3.02972176218
1307 1 3 325 275 7.43589659068 4.38672005745
1308 2 5 325 285 1.25487996695 1.55604832318
1309 3 4 325 295 5.2532882236 8.77379964487
1310 3 2 325 305 6.82906299328 1.25946861745
1311 3 4 325 315 2.69120097267 0.341584299107
1312 1 3 325 325 3.01261867506 7.6909169336
1313 2 3 325 335 9.52962168596 -0.342697282747
1314 3 2 325 345 6.18404514288 -1.70383709997
1315 1 5 325 355 2.77898396596 -3.06739511534
1316 1 5 325 365 5.46824765503 2.0764367735
1317 1 5 325 375 -7.50909422792 8.53781481892
1318 2 5 325 385 -2.84081043328 -9.39564363353
1319 3 5 325 395 -0.931494886181 -6.64633461469
1320 3 4 335 5 -4.52691880873 3.41135709727
1321 2 3 335 15 -1.59347289686 -1.92582235828
1322 2 5 335 25 -6.656528891 -4.50774327146
1323 2 3 335 35 -3.49891249213 -4.27272795626
1324 3 3 335 45 -1.90799061557 7.87632726091
1325 2 2 335 55 1.99022087875 4.83347767511
1326 2 4 335 65 -0.948770407104 3.65190464739
1327 2 1 335 75 -6.3477781091 -4.77094541722
1328 2 4 335 85 7.15594591494 -2.64450643803
1329 2 5 335 95 5.71506764372 -4.9547059753
1330 1 2 335 105 -3.10526160623 7.04293667075
1331 2 5 335 115 -4.08757704741 1.72595123992
1332 2 1 335 125 0.640338647388 6.99653689163
1333 2 1 335 135 8.53804144907 4.69902487654
1334 2 2 335 145 8.19263159303 1.71013135903
1335 2 5 335 155 -4.23522075742 7.30152325408
1336 2 5 335 165 4.54973418743 6.76768351904
1337 3 3 335 175 -8.88700728879 7.07403650598
1338 3 1 335 185 5.94370334766 6.14897777455
1339 2 1 335 195 2.11873046926 -5.45008001781
1340 1 3 335 205 3.13523054565 -4.17493509965
1341 2 1 335 215 -2.15656410667 -0.274072455997
1342 2 1 335 225 2.4619506849 -0.382811133436
1343 2 5 335 235 -6.20770111085 0.657504852374
1344 1 1 335 245 -5.02441890527 1.29376894852
1345 2 2 335 255 6.43637082244 0.899973016732
1346 2 1 335 265 -6.05509804732 4.23937918221
1347 3 3 335 275 -3.83412348816 -7.28429007186
1348 2 4 335 285 -9.58437671002 9.31384889163
1349 1 4 335 295 -9.60983270127 -5.9926091441
1350 2 4 335 305 6.7865307519 -1.6562551822
1351 1 2 335 315 5.25987361285 -6.44243271421
1352 3 2 335 325 -0.504865114935 -1.71513339525
1353 2 1 335 335 3.35111407678 -3.14631051883
1354 1 5 335 345 0.733137498724 -7.1393915028
1355 1 1 335 355 8.59586898382 9.88939565161
1356 2 2 335 365 -8.9290329908 1.26693841791
1357 3 1 335 375 2.12118537073 0.151823580526
1358 2 5 335 385 8.81266388091 -9.29373073224
1359 1 3 335 395 3.84462169463 -6.75179106353
1360 3 4 345 5 -2.14040408024 7.92803565414
1361 1 2 345 15 -6.16102430226 -1.26862471584
1362 3 5 345 25 -8.5007727126 1.60885154332
1363 1 5 345 35 0.313392567901 -3.77426156548
1364 1 5 345 45 1.22908388323 0.0437658272178
1365 3 5 345 55 1.73052997148 -2.11750964813
1366 3 3 345 65 7.14931272191 4.56178590114
1367 3 2 345 75 5.00534801159 -1.01311866984
1368 2 4 345 85 -0.822495665663 -3.6088916684
1369 1 3 345 95 4.66493010769 1.03958097668
1370 2 1 345 105 -7.73439090496 -8.41174176533
1371 2 1 345 115 -7.23663108316 -3.31279887842
1372 2 4 345 125 4.34989119653 -7.56024974359
1373 3 3 345 135 7.47050741244 -4.66982042356
1374 1 3 345 145 -3.36121892803 -8.05137187023
1375 1 2 345 155 4.12532099193 -0.716491586951
1376 1 5 345 165 -7.64988774667 5.4557852851
1377 2 1 345 175 5.20475742843 -5.03836547453
1378 3 5 345 185 0.90681308566 -5.0153125413
1379 2 5 345 195 4.43827728762 8.57067332054
1380 3 3 345 205 4.1863582611 -6.83611030176
1381 2 4 345 215 7.14993418802 -1.00908883671
1382 3 4 345 225 -8.46573027069 -0.473128909699
1383 2 3 345 235 2.16400825311 3.31166665753
1384 1 5 345 245 -2.80963960165 -6.90008852748
1385 1 5 345 255 2.96190478301 -6.64043864583
1386 2 2 345 265 -8.77994861337 4.25360258511
1387 3 3 345 275 -5.05337203776 2.66089071523
1388 2 1 345 285 -1.77889927661 5.99222663891
1389 1 1 345 295 -7.3550932526 -8.58553843057
1390 3 2 345 305 8.09011652316 7.70472498468
1391 1 1 345 315 -7.28618951199 -4.13044031193
1392 2 2 345 325 9.37680904061 9.84698469508
1393 3 4 345 335 6.56856578028 -2.47093684711
1394 2 2 345 345 4.91282512935 6.62025303837
1395 3 5 345 355 -9.85981594241 -6.00429755314
1396 2 4 345 365 -8.2262770212 -7.88052247801
1397 3 2 345 375 7.26888062166 4.33688096986
1398 1 2 345 385 9.19751506452 8.15427486291
1399 3 5 345 395 7.66053101641 4.56768392732
1400 1 4 355 5 -5.82092481104 -7.11541392244
1401 3 2 355 15 3.11927076676 0.77341533534
1402 3 4 355 25 5.84164767752 0.119268763435
1403 3 3 355 35 5.93811370115 -6.85703753705
1404 2 4 355 45 -7.55089113802 -8.67672526751
1405 1 1 355 55 -2.20942350597 -3.58942786896
1406 2 5 355 65 -7.54192163779 0.329397753581
1407 1 2 355 75 -5.04371139929 2.7984552089
1408 2 5 355 85 -6.48645868878 4.74053229288
1409 2 4 355 95 -7.6129177437 -3.3218044332
1410 1 1 355 105 9.51693530502 -3.27594875817
1411 1 2 355 115 -0.740700779204 0.478581893521
1412 2 5 355 125 8.44644172425 -4.09003495854
1413 1 3 355 135 -3.34294769522 -3.05290723852
1414 3 4 355 145 6.10116697726 9.1574853232
1415 2 2 355 155 7.59367400019 7.39157649463
1416 2 4 355 165 -8.72552179478 -3.65753450685
1417 2 4 355 175 8.3865971484 -1.3218306425
1418 1 3 355 185 -1.70189178686 5.42363076013
1419 3 5 355 195 2.72066891588 3.46666006383
1420 3 5 355 205 -5.08158885618 -4.64953189731
1421 2 3 355 215 8.78221189749 -6.41217447934
1422 1 2 355 225 -8.55171533414 -6.25687088062
1423 3 5 355 235 1.41333473486 -3.15425017792
1424 1 1 355 245 1.85542283504 0.611156516728
1425 1 2 355 255 -6.42459497435 4.84021048598
1426 3 4 355 265 2.10482825012 -4.3515931327
1427 1 1 355 275 -1.79280966984 -3.71551458819
1428 2 3 355 285 5.86214076391 5.66435734643
1429 2 3 355 295 0.345386930643 7.03455646517
1430 1 3 355 305 9.2784653681 5.92790807694
1431 1 3 355 315 3.33228204929 5.10776125069
1432 3 3 355 325 5.10718956914 -7.32017342627
1433 1 1 355 335 2.76732120876 -2.48068535312
1434 2 5 355 345 -8.91543230649 2.60879971415
1435 2 3 355 355 3.78591475392 8.98918983525
1436 2 4 355 365 -9.33192542416 1.62967439678
1437 3 1 355 375 1.35957862429 3.32902251226
1438 3 3 355 385 -0.976525501441 -1.3107107555
1439 2 2 355 395 1.98340290559 3.0977053899
1440 2 5 365 5 -5.16258924615 3.49266836325
1441 2 5 365 15 1.11816338115 -6.53644268757
1442 3 3 365 25 -6.30415543745 5.03846338613
1443 2 5 365 35 3.13363131796 -3.91238067636
1444 2 3 365 45 3.93397349517 -0.788108487021
1445 3 1 365 55 -2.2636409664 -2.92896201073
1446 2 3 365 65 -0.254499368574 8.88827859476
1447 2 5 365 75 4.07821886562 -7.669874489
1448 2 5 365 85 5.82969597721 5.86683947646
1449 3 1 365 95 -8.02541063916 -7.93776744179
1450 2 5 365 105 1.15072586221 1.84013232311
1451 3 5 365 115 -1.05281134477 -2.46185983884
1452 3 5 365 125 -3.36113782082 8.66426199838
1453 3 5 365 135 5.61935804602 7.4867171614
1454 3 4 365 145 -2.25541865335 8.28129400691
1455 3 4 365 155 7.64351081166 8.0149781
1456 1 5 365 165 -4.20757858514 4.14811457122
1457 1 4 365 175 8.27631069205 3.86196398372
1458 3 4 365 185 7.93427324985 -3.42999656197
1459 3 5 365 195 2.55438341211 5.79235665771
1460 2 3 365 205 -2.60258798501 -6.93666276064
1461 3 4 365 215 6.67084806739 5.80900972245
1462 1 2 365 225 2.71100924947 -0.114913694651
1463 3 4 365 235 -2.42966525434 -7.41750969102
1464 1 2 365 245 -7.50810339073 -8.97017794285
1465 2 2 365 255 -6.24646580422 -4.45766997643
1466 3 4 365 265 4.97496427495 -8.08903707696
1467 1 5 365 275 1.6206261293 0.0389118944455
1468 1 1 365 285 -2.8216083821 -1.10919431047
1469 1 2 365 295 0.470707673744 -2.72739227062
1470 2 5 365 305 0.0494060792738 8.76355773708
1471 2 2 365 315 -0.133591962758 -8.40484728896
1472 1 2 365 325 -6.05262754499 4.54484965949
1473 3 2 365 335 -9.70937666981 -1.15142674969
1474 1 4 365 345 1.47835259561 2.0107774479
1475 1 2 365 355 -7.93571020117 2.03553159921
1476 1 1 365 365 7.02476523372 -9.38244133199
1477 3 1 365 375 7.51185164759 -0.29488888054
1478 2 1 365 385 7.09293665606 5.38870833284
1479 2 1 365 395 3.6560141131 1.18286423313
1480 1 4 375 5 -7.45140414246 6.6795130138
1481 1 2 375 15 -3.73862743221 6.92260410352
1482 2 5 375 25 1.14511441041 5.74034040983
1483 1 5 375 35 1.66770778381 0.496314274148
1484 1 3 375 45 4.12961712733 -4.69895790298
1485 3 4 375 55 -5.37664471036 0.252765440098
1486 1 4 375 65 -3.84738633629 5.27417572981
1487 1 1 375 75 -8.25683092907 3.63057155011
1488 2 3 375 85 -6.56627258623 -0.46460496192
1489 1 4 375 95 3.81538885097 6.87908984278
1490 3 1 375 105 1.88525019859 -4.87102821737
1491 2 3 375 115 7.83614060812 -4.38125629758
1492 2 1 375 125 3.61315015151 -9.07930686825
1493 3 3 375 135 -0.171220637172 -6.30554267578
1494 1 5 375 145 4.80184674246 7.45417927505
1495 1 5 375 155 3.21349638799 7.1781132949
1496 3 4 375 165 1.14079863203 -4.40121993688
1497 2 4 375 175 6.009283649 0.997211312534
1498 2 5 375 185 0.00623782459047 -8.57392961453
1499 2 2 375 195 -6.32611184946 -6.40986064806
1500 1 2 375 205 8.10356835149 -1.9142410052
1501 1 2 375 215 -3.3356360011 6.337200755
1502 2 1 375 225 0.512428749873 3.58285913785
1503 3 1 375 235 3.37346204967 3.84181081804
1504 3 3 375 245 -2.66558088619 -6.60995304302
1505 1 1 375 255 -6.49090504305 7.73510145399
1506 2 5 375 265 4.89825022033 0.489192302672
1507 3 1 375 275 7.5473714244 -7.82205774358
1508 3 2 375 285 0.453563266078 6.49918563123
1509 3 4 375 295 2.15142535872 8.127372257
1510 2 5 375 305 -2.39520122602 -0.604760160417
1511 3 3 375 315 8.84082320873 2.32917784542
1512 3 5 375 325 -7.77903041268 0.501213374327
1513 1 1 375 335 -2.18965489832 6.49551858101
1514 1 2 375 345 3.6591209841 -9.83929920821
1515 3 5 375 355 3.46400956419 1.0414993903
1516 1 5 375 365 -2.22276682617 -0.836178195205
1517 1 5 375 375 9.28807417729 8.08877087476
1518 1 4 375 385 4.40966828094 3.51013671022
1519 2 5 375 395 -4.62907601561 7.74394426527
1520 3 2 385 5 2.88322196254 -4.00104179589
1521 3 4 385 15 -5.50986777517 0.968080801262
1522 3 2 385 25 2.76753179497 -2.95239597657
1523 1 4 385 35 -1.81515617273 -3.00725050222
1524 1 5 385 45 1.53902828591 5.31627408011
1525 1 5 385 55 3.19002307032 -8.27045010737
1526 1 4 385 65 2.96227637554 2.17394243615
1527 2 4 385 75 -0.334801561615 2.93833043997
1528 2 1 385 85 -4.10224794 -3.51989279743
1529 2 3 385 95 -4.53420494224 7.49141766843
1530 3 2 385 105 -1.25411669091 -4.22958155517
1531 3 4 385 115 0.664502349881 1.16869061041
1532 1 2 385 125 3.8820280848 6.44412424384
1533 2 3 385 135 9.01244959135 -5.25655869743
1534 2 3 385 145 3.76609751076 -6.03667498608
1535 3 1 385 155 0.333325529439 -9.2489448305
1536 2 3 385 165 -7.59257599077 3.43377758963
1537 1 5 385 175 -3.85854154637 4.67554564197
1538 1 5 385 185 -0.0290043565201 6.59995832426
1539 3 5 385 195 7.02484433669 -5.17511522874
1540 3 5 385 205 8.20891026313 3.73275828287
1541 1 5 385 215 6.21047896299 4.88914945148
1542 1 3 385 225 4.69239660828 -7.04847194496
1543 2 5 385 235 -0.863848925435 8.14987326173
1544 1 5 385 245 -0.0885692071272 2.87462294359
1545 1 4 385 255 -7.39464295179 0.625494837045
1546 3 2 385 265 -4.00758086912 2.302540193
1547 3 1 385 275 -6.92143485034 5.49795704282
1548 1 4 385 285 -4.86798659092 2.83195648076
1549 3 1 385 295 7.09755847808 0.349463090616
1550 2 4 385 305 -6.14513183897 -4.53822590378
1551 2 1 385 315 7.45888544527 -0.691751448211
1552 1 5 385 325 -7.24829516431 8.69158990639
1553 3 3 385 335 6.87331763682 -5.73738925414
1554 2 2 385 345 1.66194194579 3.75379014509
1555 3 3 385 355 -4.23508535501 3.1002124978
1556 1 3 385 365 -3.12601542691 -4.72591545413
1557 3 2 385 375 2.60333833734 -9.34537866223
1558 3 2 385 385 8.91445105098 3.1029180781
1559 2 2 385 395 -3.63494584394 -2.57571220787
1560 1 3 395 5 -2.03651445116 -0.662181980433
1561 2 1 395 15 -8.30427550019 5.01907663869
1562 1 2 395 25 4.50788847905 1.39159008721
1563 2 5 395 35 8.20673019016 -7.86879028755
1564 1 3 395 45 4.34048804713 2.76206360468
1565 3 3 395 55 7.2487847591 4.35940748854
1566 1 4 395 65 5.72435809882 -4.5552045404
1567 1 3 395 75 -5.57171336731 -6.01430957658
1568 3 4 395 85 2.01976621622 9.2103102933
1569 1 2 395 95 -8.79070394829 6.74599260881
1570 2 1 395 105 -8.48780960366 9.25688438309
1571 1 1 395 115 -3.54442151562 5.71421842558
1572 1 1 395 125 1.21803204178 1.58234650945
1573 1 4 395 135 -2.40435356111 -3.10979190929
1574 3 1 395 145 -9.55734922116 -7.80180532879
1575 1 3 395 155 -9.7446977208 -1.65945769023
1576 2 5 395 165 -1.61097428373 9.94547415902
1577 2 3 395 175 -2.81315602337 1.73063664071
1578 2 1 395 185 -6.93122483536 3.51449243843
1579 3 4 395 195 5.73866179442 -1.23951202413
1580 3 5 395 205 7.53877393688 -4.27956477034
1581 1 1 395 215 -8.50694874969 3.92137151929
1582 2 5 395 225 -3.19188571707 7.57572695801
1583 3 1 395 235 5.05908386011 7.71721935589
1584 3 4 395 245 -0.571637580648 2.98593072076
1585 2 2 395 255 -2.57745973251 -3.72124613249
1586 1 4 395 265 -3.2940075481 6.14080047908
1587 1 4 395 275 -3.08714186709 -1.9830470535
1588 1 5 395 285 -6.87266491469 -6.83637636964
1589 1 4 395 295 -9.28963245615 1.69996627703
1590 1 3 395 305 8.39936219791 -9.54448608066
1591 2 1 395 315 -2.88219076568 4.51845971055
1592 3 3 395 325 9.64813122757 2.90361014653
1593 2 5 395 335 8.38286082807 -4.52484525791
1594 1 1 395 345 5.07645048037 3.86810896118
1595 1 1 395 355 0.479752851721 -5.44642327934
1596 3 1 395 365 9.3678770006 -5.22873651456
1597 2 1 395 375 0.401800822272 2.79759886462
1598 1 4 395 385 -3.35756581324 -3.63035055851
1599 3 3 395 395 0.119038815986 -7.46174360078
