250 250 625
0.001 1 1
0 1 3 5 5 3.14028892892 1.67420764014
1 1 1 5 15 8.42899012249 -1.23803397509
2 2 3 5 25 3.39345337972 -4.60656249017
3 3 3 5 35 -2.04042752953 3.22711491006
4 2 1 5 45 -4.79237914629 -6.28918897594
5 1 1 5 55 -0.181177354963 -8.58890638829
6 2 2 5 65 0.512185963061 9.14948016265
7 3 3 5 75 9.87227206193 -2.57962730767
8 1 1 5 85 -1.54771647565 0.970851763387
9 2 3 5 95 1.29306541771 1.58810827319
10 3 4 5 105 5.94988666732 0.0767852465513
11 3 1 5 115 3.58635407489 1.01357109217
12 1 3 5 125 -0.322805172094 -6.836038343
13 1 5 5 135 -4.761384181 -6.72284656599
14 3 5 5 145 -7.79990869493 6.68107162306
15 3 4 5 155 7.39280964375 -0.798102334585
16 2 1 5 165 -4.81121521147 -2.9582250804
17 1 5 5 175 8.08777155898 -7.51514825285
18 3 1 5 185 -7.98305880182 8.55471029646
19 1 5 5 195 9.83667065253 -4.86141401407
20 1 5 5 205 -9.8169655023 -0.233227258099
21 1 4 5 215 -2.41888232407 7.85804940443
22 2 2 5 225 9.00762203889 -2.99776322868
23 1 3 5 235 9.95069579914 -8.73426329944
24 3 4 5 245 -5.72985910018 -8.89664046279
25 3 4 15 5 -2.40965606998 -9.82420871298
26 3 4 15 15 6.51759238149 -4.40086122421
27 2 2 15 25 4.41564521299 0.47305550249
28 2 3 15 35 8.14454922417 3.54235666431
29 1 3 15 45 1.24051031032 5.71322277643
30 2 2 15 55 -1.08291810092 5.27583596337
31 2 5 15 65 -7.95131182552 -9.55352208598
32 3 2 15 75 9.3682747498 -5.72729840934
33 1 4 15 85 -1.63144642773 -8.02707298561
34 1 3 15 95 -4.35103518604 6.66240330357
35 2 1 15 105 -3.99832389339 8.61819575841
36 2 1 15 115 2.57196321482 8.23368776797
37 2 3 15 125 -3.78745032325 -5.15782425233
38 3 2 15 135 2.99228286874 4.73529314236
39 3 2 15 145 6.31979169363 5.42306504392
40 3 3 15 155 -7.02653995468 2.45390881724
41 2 4 15 165 -8.48915525183 0.582055790649
42 1 3 15 175 8.53722572746 -3.20133435538
43 3 5 15 185 -5.42005715267 -8.88867900588
44 1 3 15 195 1.78008345338 -8.05721678001
45 1 4 15 205 5.58995923345 -2.56104648929
46 3 1 15 215 -7.1450074894 -6.87662579468
47 2 5 15 225 -7.31467104377 -5.03990455428
48 3 3 15 235 5.88622494636 8.64106871287
49 2 5 15 245 2.67448862072 -9.05745785791
50 3 5 25 5 4.91145527665 -5.55314966094
51 3 4 25 15 -2.72131328766 -6.27780793896
52 3 3 25 25 -8.25925702013 -8.76792515994
53 1 5 25 35 9.88589666123 -1.0624159979
54 3 3 25 45 0.796986105822 -1.92035329684
55 2 4 25 55 -8.4730395518 6.8535156993
56 3 3 25 65 4.58735935339 -9.29641685714
57 3 3 25 75 -7.68099225318 0.0610654586286
58 1 4 25 85 8.79514553623 -2.98494186938
59 2 4 25 95 6.65062296449 -1.98104680204
60 3 5 25 105 -0.424094227482 3.31774076067
61 2 1 25 115 -2.61724708506 8.04389695886
62 2 4 25 125 3.99281654448 4.30975168387
63 1 5 25 135 6.09829285996 4.06791040213
64 1 2 25 145 -4.60198890381 -7.78817505444
65 1 3 25 155 4.33666309456 -2.05996346042
66 1 5 25 165 4.22069246758 -4.57139223678
67 2 1 25 175 -7.56248976377 -6.65245720021
68 1 2 25 185 -2.80514659963 0.0735836313911
69 3 2 25 195 -8.13699007645 -2.54369148252
70 3 3 25 205 9.42288681758 4.78060290269
71 1 4 25 215 9.23685243054 5.05412602807
72 1 5 25 225 -7.5350088216 -4.88106131295
73 1 3 25 235 -2.30464979974 -6.80640065554
74 3 5 25 245 -0.321307660638 9.50590464266
75 2 5 35 5 2.73689396193 7.19382252997
76 1 3 35 15 -9.66629830509 -9.85763149484
77 1 3 35 25 -3.26574871536 7.33053426227
78 1 4 35 35 9.0699056137 -8.41489517875
79 1 3 35 45 -5.7367314814 3.08232491015
80 1 2 35 55 7.78139618963 -7.57984774991
81 3 2 35 65 -5.75428655282 -4.20547316639
82 2 1 35 75 4.37887429721 3.81755613999
83 3 2 35 85 -9.62106557593 -5.6103952052
84 3 1 35 95 5.73967586859 -4.91946431859
85 3 5 35 105 8.65889080477 -0.57697901827
86 2 1 35 115 2.54482092194 7.23207780081
87 2 1 35 125 8.96650408671 -8.08115503553
88 3 4 35 135 -9.57789005151 7.21012796998
89 2 2 35 145 1.51760943135 8.29048408452
90 2 5 35 155 -4.08216277961 -5.62939128006
91 1 3 35 165 8.74730013177 2.00554683058
92 1 4 35 175 6.05548476698 6.97665474247
93 3 2 35 185 -5.82370002371 -3.02732006051
94 1 4 35 195 0.773168572219 5.06106643527
95 3 2 35 205 2.19175095898 5.93407412559
96 1 2 35 215 -0.037119771655 -2.48326926209
97 1 4 35 225 5.58731732068 -7.69144194074
98 2 5 35 235 2.83779782767 -2.70857323818
99 3 4 35 245 5.37617377832 0.646642154137
100 2 5 45 5 -6.40728303946 -8.92637331045
101 2 1 45 15 -3.76381377388 -5.25601844101
102 1 3 45 25 4.46097792183 8.18883661293
103 1 1 45 35 -7.74485502403 1.46685793901
104 2 1 45 45 0.141004975119 7.40235251497
105 1 3 45 55 8.88040922542 -9.24595972504
106 1 2 45 65 7.16655660031 -7.42529515805
107 2 1 45 75 -7.61228956159 -2.4675565539
108 2 5 45 85 -2.28577007723 8.13312498779
109 2 2 45 95 -8.43674768227 -5.06579522444
110 2 1 45 105 -4.91658268466 -1.14698053778
111 2 4 45 115 -2.05157194538 -0.0665039741038
112 2 2 45 125 2.76163291679 -1.01792491786
113 2 2 45 135 4.82685426937 -2.60955831749
114 3 3 45 145 7.05429900547 1.1554727901
115 2 3 45 155 5.03442519787 -7.58263857972
116 3 5 45 165 -2.69546869496 -2.86529582787
117 2 1 45 175 9.05543895772 1.55633865224
118 2 5 45 185 0.45295380321 5.15750546687
119 3 5 45 195 7.32285502995 4.66548186891
120 1 2 45 205 -4.68419112326 -9.40401572492
121 1 1 45 215 -6.45802879786 -5.18567452499
122 3 5 45 225 -3.05525256065 -9.72629871628
123 1 1 45 235 -5.55817495325 7.1151493579
124 3 2 45 245 2.0245172872 8.75094578016
125 1 1 55 5 -3.58333668203 0.545044700091
126 2 5 55 15 -0.968594258555 5.45515301137
127 3 4 55 25 7.89866699986 -8.2730811323
128 1 2 55 35 -6.04761080166 -5.30127280826
129 2 4 55 45 -1.81340406491 3.31760747196
130 3 1 55 55 -7.72253579805 -1.46814710055
131 1 2 55 65 0.0276522033176 -9.57265167364
132 2 5 55 75 5.16316101762 -9.24480759678
133 1 5 55 85 -0.639667916373 5.30447770813
134 1 4 55 95 9.04954842857 -3.78488582625
135 3 2 55 105 3.15713356233 -5.69352656936
136 1 5 55 115 3.30199486982 9.37328221817
137 2 2 55 125 5.12765929505 -4.16952606532
138 3 1 55 135 -3.73866110492 -1.57439878735
139 2 4 55 145 7.12059897044 -4.13241758481
140 2 2 55 155 -9.89111431833 8.3629283053
141 2 3 55 165 -0.245749668172 8.13057500163
142 2 5 55 175 7.51636998122 -0.379932188301
143 2 3 55 185 -7.31735541514 6.37368789038
144 2 4 55 195 -6.29033395342 4.20384058716
145 2 2 55 205 -3.35203232683 -0.285286670445
146 3 1 55 215 2.76677230215 -9.92283607877
147 3 5 55 225 8.345718924 2.61970861767
148 2 5 55 235 3.19728352423 0.291245251811
149 2 2 55 245 -7.44232201196 6.78391548749
150 2 2 65 5 -6.39125485457 0.438414268548
151 1 3 65 15 3.05420132033 8.42116206777
152 2 5 65 25 -7.96697502419 -5.30213612502
153 3 2 65 35 -8.14448121329 9.96838425773
154 2 4 65 45 6.24833052911 6.57963095399
155 2 3 65 55 0.829962218683 5.89217433823
156 2 5 65 65 2.10943443747 -6.46171849907
157 2 5 65 75 4.34345981348 6.78303971851
158 1 5 65 85 9.31914578722 8.98666139136
159 3 3 65 95 5.15206145108 3.47042768635
160 3 5 65 105 7.30938110452 1.86905104428
161 2 5 65 115 -1.48428548977 -0.489859033364
162 2 2 65 125 -5.51846253206 7.80435882495
163 3 3 65 135 -4.00907064728 -1.61258074541
164 3 1 65 145 -1.6312886961 7.45426464623
165 2 5 65 155 -2.09797419427 -4.66485922708
166 3 1 65 165 -5.82228252875 -8.61184531944
167 2 4 65 175 -9.0099943635 4.34130127694
168 1 2 65 185 -2.03729634939 -6.80981979051
169 2 1 65 195 3.30589058861 0.0338195972554
170 1 3 65 205 -1.1972652168 -5.47534524786
171 2 1 65 215 -5.33352483066 2.96183712757
172 2 4 65 225 -5.64341096116 -9.34229986722
173 1 5 65 235 3.28765918523 4.27479076195
174 2 3 65 245 -2.24686633137 -3.59661140678
175 3 3 75 5 1.20851514665 6.98839248265
176 3 1 75 15 4.03960584085 0.666578638055
177 1 1 75 25 9.55559506942 -3.28555163514
178 1 4 75 35 -0.769231138744 -4.23629035339
179 1 4 75 45 2.28450655177 -1.74332028749
180 2 5 75 55 -8.18203259127 9.62500461577
181 2 5 75 65 6.1190816262 4.71486652193
182 1 4 75 75 9.95142442181 -9.03745807879
183 3 3 75 85 -2.46428011577 4.41944700765
184 1 5 75 95 -8.97652276999 -4.37730267265
185 2 2 75 105 0.261438873778 1.66729311557
186 3 1 75 115 4.15491274988 -6.60624519831
187 2 5 75 125 0.186252228163 3.08462170892
188 1 5 75 135 -6.1777064368 -3.49799267632
189 3 3 75 145 8.11054189065 -8.11285071769
190 1 5 75 155 -2.66974903668 -2.26276092201
191 3 4 75 165 6.19723819904 -8.6502355828
192 3 1 75 175 7.27282433129 2.82266770466
193 1 5 75 185 0.730631333423 7.65212988792
194 3 4 75 195 1.38924068003 -7.45718498481
195 2 5 75 205 -8.76438252613 5.30933032296
196 2 5 75 215 -6.34932970371 8.19077523488
197 3 5 75 225 9.61142485888 -2.30473650891
198 1 5 75 235 -1.36723357418 3.56199325798
199 3 5 75 245 -9.1959565156 2.01656955956
200 2 4 85 5 -7.50505727052 -6.14567635988
201 3 1 85 15 8.58025580714 -2.0235928551
202 2 4 85 25 -4.37505433155 -9.39644578371
203 3 4 85 35 5.1097068486 -4.96010280714
204 1 5 85 45 6.42352834692 -4.75512699167
205 1 5 85 55 0.379171231527 4.91596753104
206 1 1 85 65 -2.88150374381 -5.36981420348
207 1 2 85 75 -3.02894202281 8.29053006472
208 2 1 85 85 2.79789432276 -7.40952481987
209 1 4 85 95 9.45860202549 7.4565404381
210 3 3 85 105 -7.840390503 -4.20321974487
211 2 3 85 115 9.76061490301 6.4254159561
212 2 1 85 125 2.18911806336 4.22885370032
213 1 4 85 135 -5.14298351359 -5.7525698462
214 2 2 85 145 -1.94353959663 -9.54186024055
215 2 1 85 155 1.97267509491 3.71619556083
216 1 4 85 165 -0.578843893806 -3.20718982678
217 3 1 85 175 -3.72072043941 5.26654613983
218 3 1 85 185 8.73297725911 -6.41114454205
219 2 5 85 195 -7.9489832539 1.20246761714
220 1 5 85 205 -1.27025611537 -1.20451802671
221 3 4 85 215 2.75599806168 -8.43019489662
222 1 5 85 225 1.57395820139 9.36348670092
223 2 5 85 235 6.55002285333 -6.46776484629
224 2 4 85 245 0.96711261022 -0.321647959535
225 3 3 95 5 -8.71912747108 -0.0609216812471
226 2 4 95 15 -4.73827085783 -7.9868010125
227 2 2 95 25 9.85497756413 3.70937463421
228 1 1 95 35 7.56282940683 3.80048794498
229 3 1 95 45 9.95953787683 2.91814793419
230 2 5 95 55 9.87070828124 5.36317577207
231 1 2 95 65 -3.12251436815 1.23868439873
232 1 4 95 75 -2.69912099666 6.18767786231
233 1 4 95 85 5.26146111603 -1.58292944094
234 1 5 95 95 4.2831599185 -2.15304093377
235 3 4 95 105 3.71726598958 -2.82585485419
236 2 1 95 115 7.57622836935 6.52322984078
237 2 4 95 125 -2.5001732626 8.2001305796
238 2 3 95 135 -9.20897927836 -6.90521197303
239 1 4 95 145 -2.24617494009 -7.35160532291
240 3 3 95 155 -4.40034773409 8.93223263001
241 1 1 95 165 1.89148640238 -3.12743454603
242 3 5 95 175 3.92316802354 -1.6376793638
243 1 5 95 185 3.8589333336 -0.578958471247
244 2 4 95 195 -3.29503662395 3.40768992171
245 3 3 95 205 -0.21780980241 -1.50461451952
246 2 4 95 215 -6.92912436293 -1.51576357586
247 3 3 95 225 -1.77083010091 4.39925654973
248 2 1 95 235 3.37480293411 9.1326769483
249 2 2 95 245 5.49111441571 9.69628331811
250 1 2 105 5 6.42226123896 6.52270237636
251 2 5 105 15 8.89041000304 3.03925427836
252 2 1 105 25 -7.57894678776 -0.776462505086
253 2 3 105 35 -8.96847750591 -8.48397030487
254 3 2 105 45 -7.45224973375 3.86409229323
255 3 5 105 55 9.94822401213 8.94580065611
256 1 3 105 65 -8.95133952351 -8.07771783739
257 3 2 105 75 -4.41236879174 -7.11809197542
258 2 1 105 85 -0.508696811216 3.03961120724
259 2 1 105 95 -0.0836039657231 5.64291999676
260 3 4 105 105 7.99072550513 -2.50127407488
261 3 3 105 115 -8.14061736307 8.15690841217
262 2 1 105 125 6.18068690184 -2.01536223759
263 1 4 105 135 -8.97509976559 3.52059627121
264 1 5 105 145 -7.91771310177 2.41082827429
265 3 3 105 155 -2.87997467401 -1.15420518094
266 3 4 105 165 8.73098085519 -7.41912317281
267 1 5 105 175 -4.03811953775 -6.43703358397
268 3 1 105 185 -3.29606423346 8.2053375979
269 1 2 105 195 4.41083511948 -9.47324749087
270 3 1 105 205 -7.23931992131 4.94592667571
271 2 3 105 215 -2.02354976206 8.19714151068
272 3 2 105 225 1.45799251997 9.49695356504
273 1 2 105 235 -2.98561050937 -3.76699120254
274 2 1 105 245 3.64066246499 -5.33093485585
275 3 1 115 5 8.29779341224 6.29668705527
276 2 2 115 15 -6.38468138874 -3.22595159967
277 1 5 115 25 -5.39499854394 3.37254963888
278 3 5 115 35 -8.54833909827 4.35781860081
279 2 3 115 45 9.7214200921 4.83224097313
280 3 1 115 55 -2.03438772691 1.29358761202
281 1 2 115 65 -8.63576061995 9.03041800642
282 2 4 115 75 2.6383155421 0.750693749963
283 2 5 115 85 -2.57686188037 -7.0501332488
284 1 2 115 95 -0.348220117831 1.22042445082
285 3 3 115 105 -1.32520202337 -1.35195713923
286 1 1 115 115 -2.90160117101 3.57704815195
287 1 2 115 125 9.46086313044 -0.666578942183
288 2 2 115 135 3.05978130531 -1.22899490376
289 1 3 115 145 -2.59015275565 -9.65078586593
290 1 1 115 155 -2.7852755277 -2.53465884265
291 3 2 115 165 -8.87170107052 8.26818651281
292 1 2 115 175 -3.69227604576 0.126729010483
293 3 5 115 185 -2.79978907857 -5.66324125812
294 2 4 115 195 -8.1964797097 -0.565296809581
295 1 5 115 205 9.45346611177 -7.57326204244
296 1 4 115 215 4.17703317223 7.76097166494
297 2 1 115 225 4.40998485831 -7.61724076473
298 3 1 115 235 -4.38436348566 7.30198448505
299 1 2 115 245 7.57583726322 -4.70299201383
300 3 2 125 5 -4.00365412763 -5.25815351653
301 3 4 125 15 -1.68641424075 3.12444470442
302 2 4 125 25 5.26196773958e-05 -0.767903202356
303 2 3 125 35 -1.98419453352 4.82730499566
304 2 4 125 45 2.01359098693 0.236773116101
305 1 5 125 55 0.0986705195472 1.86533885922
306 2 2 125 65 -5.54174840305 -4.20992062175
307 3 5 125 75 3.60322508363 -8.29115459882
308 2 5 125 85 -1.22465221711 -3.5876565031
309 1 3 125 95 -0.810944083419 3.02937543327
310 3 1 125 105 -3.8226348553 1.15091648261
311 1 5 125 115 6.97441913839 6.01410826835
312 3 2 125 125 4.52510805505 -4.3617018232
313 1 1 125 135 -2.0396098649 -2.33218502768
314 1 2 125 145 8.55807240508 8.07403501818
315 3 2 125 155 -3.05323906532 2.15863403528
316 3 2 125 165 -7.04783175011 -3.94027320481
317 2 5 125 175 -6.93553041911 -5.13570791391
318 2 3 125 185 -1.79795737684 -2.25179174878
319 3 5 125 195 0.131645061949 -9.71416955825
320 2 1 125 205 8.41579078686 7.20239070418
321 3 5 125 215 0.728774501393 -2.27935995739
322 1 5 125 225 -5.78445046071 8.24439065526
323 3 5 125 235 -9.68857678849 -9.75149848062
324 2 4 125 245 3.09132582447 7.89013766384
325 3 1 135 5 1.75299405667 -6.00207402927
326 1 4 135 15 -0.946197210028 0.660364861533
327 1 4 135 25 -4.06641512639 -3.8224968525
328 3 5 135 35 -8.85656614545 0.174685371282
329 2 1 135 45 -3.86031041731 -6.33765838923
330 1 3 135 55 6.79324347586 -1.14918101055
331 2 2 135 65 -2.13885502993 -4.81986645047
332 2 5 135 75 -1.30789524168 5.18756099668
333 2 3 135 85 -4.64903746743 -8.15289957579
334 1 2 135 95 -1.62957778827 0.809748304633
335 3 2 135 105 5.92978494819 0.342433345432
336 3 1 135 115 7.27030248885 -1.0648268412
337 2 2 135 125 -0.574776110943 4.18987313337
338 1 4 135 135 4.81486467198 5.63160807273
339 3 1 135 145 -8.23606880305 5.6655612307
340 1 4 135 155 3.17136868966 -7.32802364157
341 1 1 135 165 -7.2449544416 7.85307638773
342 3 5 135 175 8.7229847548 4.80049383455
343 1 5 135 185 4.77499167113 -2.64651009214
344 1 1 135 195 -8.22411069165 -3.29216900699
345 3 5 135 205 -2.58852413479 -1.889315214
346 3 2 135 215 2.74565682408 -4.13266638516
347 1 4 135 225 6.87900985438 9.58960734304
348 3 3 135 235 9.58389190645 -4.03350994599
349 1 2 135 245 -7.89453615356 6.35744765026
350 3 2 145 5 3.98356762366 8.72229733466
351 1 5 145 15 -2.10288878063 8.93270708742
352 1 4 145 25 1.59513314812 1.58791109722
353 2 5 145 35 4.61427686256 -1.61723753959
354 1 3 145 45 -6.68786597473 -2.16523291926
355 3 5 145 55 5.49150545077 7.52994194983
356 2 1 145 65 -7.51822178203 -1.36328493361
357 1 4 145 75 -5.91869920767 2.12640405755
358 1 2 145 85 -0.446401947497 -6.71348328055
359 1 5 145 95 7.34365858724 -7.05507681264
360 3 5 145 105 -2.93686978763 -7.91417683523
361 3 1 145 115 5.50381259849 -7.43482882974
362 2 5 145 125 -8.15615029083 -1.36876933391
363 3 4 145 135 -6.43206061435 -7.81952285467
364 1 5 145 145 1.96005497998 4.7730408678
365 1 1 145 155 1.83248512846 0.63857103678
366 1 2 145 165 5.63003802871 7.40797876295
367 3 4 145 175 0.589287052741 -9.34365963485
368 3 2 145 185 9.94623482311 8.60852335373
369 3 4 145 195 -8.34490222531 3.76952620286
370 3 5 145 205 7.26281089866 -1.27253745285
371 3 4 145 215 -8.83908207458 -1.44969780875
372 2 1 145 225 9.40753848379 -0.146796351843
373 3 5 145 235 9.27869321208 5.9072010692
374 2 4 145 245 -6.52657727588 2.06762706924
375 1 2 155 5 9.47829116838 3.65512301669
376 1 2 155 15 -3.04663525049 7.60311220992
377 1 1 155 25 -9.43289843014 8.88600529762
378 3 2 155 35 5.01023644828 0.153645405787
379 2 2 155 45 -9.3496408032 8.10658767429
380 3 2 155 55 -0.764045776661 -8.60814440327
381 2 1 155 65 6.37923650311 8.4249778557
382 1 3 155 75 -2.64945451515 -9.39311699966
383 1 4 155 85 -5.63692646866 -7.26034950848
384 2 5 155 95 -1.03593382543 8.11477752255
385 3 4 155 105 9.2816099218 -9.14966947986
386 3 1 155 115 -7.79912976614 -1.11206615555
387 2 3 155 125 -5.5087303839 9.55122776226
388 1 1 155 135 -5.05283073865 7.18789093272
389 3 3 155 145 -3.65717047626 4.45398832599
390 1 3 155 155 -9.87398230387 5.23518112431
391 2 1 155 165 -5.00255772777 9.89521938685
392 2 2 155 175 -9.19289613743 2.11569745643
393 1 1 155 185 -5.66929894878 -4.61632511687
394 2 5 155 195 8.94452339117 -0.30414602195
395 2 2 155 205 -9.41488235164 7.30837937908
396 2 3 155 215 -0.807095525062 2.61287803809
397 3 4 155 225 -3.94246114388 -5.20036784609
398 3 2 155 235 6.14694755267 8.86261634254
399 2 4 155 245 -0.0483523324464 0.809458726239
400 2 2 165 5 -7.55831735018 2.57627741495
401 1 3 165 15 4.57923230675 8.27017403988
402 1 4 165 25 8.38538173013 -2.37652114904
403 2 3 165 35 1.33398984231 -9.33693804387
404 3 4 165 45 -4.04818436572 -1.20959992131
405 1 5 165 55 -6.72805657355 -0.841050433141
406 2 5 165 65 9.42130159433 3.17939235158
407 1 4 165 75 -3.95657779931 7.24347900378
408 2 2 165 85 2.6584788983 -6.13146131705
409 1 4 165 95 -1.96616649797 1.70197409436
410 1 2 165 105 -2.08515561337 0.254326422525
411 1 4 165 115 -5.3295805738 -0.134921909842
412 2 4 165 125 1.37778308311 9.61621746796
413 2 2 165 135 8.18244699027 -6.83008531188
414 1 2 165 145 -2.05127459191 3.06904994791
415 1 1 165 155 0.917685091409 2.34928315388
416 2 1 165 165 -3.7416540874 5.83619547392
417 3 5 165 175 -3.80687049246 7.63308472118
418 2 2 165 185 4.56808744035 8.07470248904
419 2 2 165 195 9.29426868446 -1.91409149382
420 3 1 165 205 7.36509195808 5.20951857808
421 1 1 165 215 -7.36625655361 -6.3982681432
422 3 4 165 225 2.44062574207 -7.22120195925
423 1 4 165 235 -0.340855990193 7.31915289989
424 3 3 165 245 9.3662377878 -8.4598555337
425 1 3 175 5 -5.01302070202 6.20765376742
426 3 4 175 15 -5.07136490375 9.2520186308
427 2 1 175 25 -5.12598591622 -1.98973284954
428 2 1 175 35 -1.43085926883 -3.24952405543
429 1 4 175 45 -7.8916972164 -3.4025534047
430 2 1 175 55 2.02347359407 1.40565427468
431 2 4 175 65 -3.63817164701 6.42214091939
432 3 5 175 75 -6.74509533603 1.46928652997
433 2 4 175 85 -0.383063519864 3.53859134461
434 3 4 175 95 1.94047524919 5.99709887269
435 3 1 175 105 5.48002704571 -0.873599342282
436 2 1 175 115 9.86986418912 4.48093965966
437 1 1 175 125 5.39277636902 -4.85351423143
438 2 2 175 135 -3.23123268966 3.83897354233
439 2 1 175 145 2.56554092908 5.76765746992
440 1 2 175 155 -1.36572048458 -6.93755373374
441 2 1 175 165 -7.73823793826 -3.00554851459
442 2 2 175 175 0.25578689577 4.64946576241
443 3 5 175 185 7.53905829843 -1.71371319699
444 1 4 175 195 0.147958850036 -2.25769407783
445 3 3 175 205 2.20895257099 5.48140955319
446 2 4 175 215 9.79525305815 -4.40416411095
447 3 3 175 225 -0.407769328468 2.40898659987
448 1 3 175 235 -1.1338731258 -6.33088475135
449 1 4 175 245 5.27864087401 0.614663190949
450 2 4 185 5 -7.17129273497 -2.09791334512
451 1 5 185 15 2.7268413969 0.781602020913
452 2 4 185 25 6.16058516197 -3.83207108493
453 2 1 185 35 6.61997016448 -3.10109212902
454 1 3 185 45 8.05315330831 -9.63418152797
455 2 3 185 55 3.37114062984 7.60088443368
456 3 2 185 65 6.72543203395 -1.11097044726
457 3 4 185 75 -0.93680204275 4.21966112399
458 2 5 185 85 -5.49737648449 -2.75479773123
459 3 5 185 95 9.19097414604 3.64386242578
460 2 3 185 105 8.24909912996 -1.16917541963
461 3 2 185 115 -3.19931649426 -5.1703074302
462 2 3 185 125 9.12797843273 0.368078716417
463 2 5 185 135 7.97113596412 6.56034024073
464 2 1 185 145 -8.75461392461 5.16713978305
465 1 5 185 155 -8.46715587077 5.4181790921
466 2 3 185 165 1.69276241316 0.573994939313
467 3 3 185 175 -2.72909570669 8.29396608997
468 1 5 185 185 1.80417905016 1.07840632952
469 1 2 185 195 1.20470209063 5.65164675439
470 3 3 185 205 -6.90593922573 -9.40769679414
471 1 2 185 215 1.01545654974 -2.940857988
472 1 5 185 225 -5.82733743412 -6.6793918739
473 2 3 185 235 3.91199568946 9.10348266358
474 1 1 185 245 -3.89878144249 8.18654291079
475 2 5 195 5 -9.37388768471 3.82294099677
476 1 5 195 15 2.27872887707 -3.43142612709
477 3 3 195 25 -9.83449791071 0.246986684104
478 1 2 195 35 -7.91743443301 -6.35268299809
479 2 2 195 45 1.18200408222 1.47581342833
480 3 1 195 55 -0.0719138849485 8.56892607688
481 2 5 195 65 4.78409061044 -0.65804216088
482 2 1 195 75 5.76057479735 4.15610278444
483 1 2 195 85 8.41647647482 7.38252767938
484 3 1 195 95 -4.6382791576 4.56713839938
485 2 5 195 105 -9.93574902979 -8.14292764634
486 1 1 195 115 -0.874907840299 -3.79732119863
487 1 4 195 125 -3.12530973996 -5.76299315869
488 3 3 195 135 4.08918955115 0.946132162437
489 3 1 195 145 3.71723748322 9.33561349044
490 2 4 195 155 -9.29515791088 9.2181617637
491 2 5 195 165 5.65685027469 -2.93527944153
492 3 3 195 175 -8.47456032399 7.30112250452
493 1 4 195 185 6.66594400509 5.55888402752
494 2 3 195 195 -3.39539177867 9.95546794033
495 1 5 195 205 -6.49762692315 -7.14983582518
496 1 5 195 215 0.0451767935957 -6.63749342467
497 3 4 195 225 0.698340300494 8.20226171648
498 2 4 195 235 1.52414016214 1.54123726726
499 3 3 195 245 -5.53411623745 -4.26526076834
500 1 3 205 5 -1.64092444174 -8.00817697859
501 3 1 205 15 -2.43682915415 -6.52338819771
502 3 1 205 25 -0.452704420396 -2.8011508296
503 3 5 205 35 7.1625724936 -6.10016983548
504 1 2 205 45 6.26304132506 -5.11847352878
505 3 4 205 55 -1.11987492823 7.46448923447
506 3 5 205 65 -2.8754890752 -7.16636707366
507 3 5 205 75 -3.16513816783 -9.4309263948
508 2 2 205 85 8.42230092739 8.49352770176
509 3 1 205 95 -1.75646206241 -4.84532975569
510 2 2 205 105 -0.0821086408467 -5.93648751789
511 3 3 205 115 9.96096513846 5.25878918828
512 2 2 205 125 9.97104980832 3.00533280685
513 3 5 205 135 -4.38090141542 1.19009396168
514 3 1 205 145 -6.76555754392 3.01303496735
515 3 2 205 155 -1.35437706821 -8.82970914168
516 2 4 205 165 3.20337112264 0.0927958483593
517 2 3 205 175 -3.32103177452 -1.90437809323
518 1 2 205 185 0.913007621755 1.28082467539
519 2 2 205 195 -6.24043325716 3.05132544869
520 3 3 205 205 -9.69296067328 3.50097146112
521 3 1 205 215 -2.50220111412 -1.29730162488
522 1 1 205 225 2.75003132439 -7.60027600319
523 2 5 205 235 -9.72683259843 -5.95925318685
524 3 1 205 245 2.23364380271 -0.257080524634
525 1 2 215 5 3.61308950225 7.75884741127
526 2 3 215 15 7.19180300574 7.91800750506
527 2 5 215 25 4.47947067013 -9.71708311976
528 3 4 215 35 -9.21399818544 3.08723300011
529 2 3 215 45 5.62277703497 9.84831624263
530 3 3 215 55 -7.82580937559 -5.24016072663
531 3 4 215 65 8.5797712323 7.41488676215
532 1 5 215 75 2.84039161671 4.58097846913
533 2 5 215 85 4.27913912882 -4.84883876929
534 1 1 215 95 4.34670346269 -1.3433765404
535 3 5 215 105 -1.27984649936 5.83275163884
536 3 3 215 115 -9.25899076718 5.56846274638
537 1 1 215 125 3.4855102034 0.269686365227
538 2 3 215 135 -3.05318171619 -3.22290118115
539 1 5 215 145 -4.78194970868 -7.301606726
540 1 5 215 155 2.98605687494 -2.8911314624
541 2 2 215 165 7.51312315945 5.46648335875
542 3 5 215 175 -1.4622748209 9.28358244399
543 3 2 215 185 -0.559179817851 0.94755979786
544 1 4 215 195 6.42432263551 3.55956465988
545 2 1 215 205 -4.01304823041 -6.17372364993
546 2 5 215 215 2.48354776097 9.08858038334
547 1 2 215 225 4.13106023291 3.48045345824
548 2 2 215 235 -9.57342122658 -2.16484628781
549 2 1 215 245 -9.49707756308 1.00281050892
550 3 1 225 5 -9.30230311063 -4.18337156608
551 3 3 225 15 2.95771161082 5.17339236664
552 1 4 225 25 9.6173634286 -7.43005355454
553 1 3 225 35 -5.7403359524 3.21643451798
554 1 5 225 45 -8.43022564866 0.756967721983
555 1 3 225 55 9.81745695981 2.08298200036
556 3 5 225 65 4.13430371549 -0.603091549678
557 2 4 225 75 -7.4811916163 -2.86963052135
558 1 3 225 85 -8.36622773724 -1.31567268495
559 1 4 225 95 -3.95459111523 4.9529716965
560 1 2 225 105 -2.33774816852 1.91873807573
561 1 2 225 115 1.46467301561 -4.16429009851
562 1 1 225 125 -9.92186806185 -0.984857606342
563 2 3 225 135 -8.01956250107 -9.42612706922
564 2 3 225 145 -4.10134319162 -0.842906274562
565 1 4 225 155 4.14247678007 -9.75059203051
566 3 2 225 165 -7.13264293174 -7.43718608858
567 3 3 225 175 -0.454636980113 2.46751975671
568 2 5 225 185 6.18784821703 7.11465313064
569 3 4 225 195 1.64292894053 8.15300079055
570 1 4 225 205 -7.91764443611 -3.45134817988
571 2 4 225 215 -7.33665663509 -9.5435279905
572 1 2 225 225 -5.32544275384 -7.90054137594
573 2 1 225 235 -0.95604267864 2.80934682874
574 3 3 225 245 -7.72476777896 -9.79377657398
575 3 2 235 5 -1.74383402758 -1.02721880916
576 1 3 235 15 6.72294257003 -1.65135564409
577 3 4 235 25 -4.91873270504 7.92199669445
578 3 1 235 35 2.16325744725 9.14723844814
579 3 4 235 45 -1.82719981938 -2.72847528162
580 1 1 235 55 1.64810069808 1.2459741677
581 1 1 235 65 8.21029648034 5.85571913648
582 1 2 235 75 -8.17169024345 3.7986401813
583 3 2 235 85 2.93379482342 -9.39441560316
584 1 2 235 95 -5.86206512201 2.07931469196
585 1 1 235 105 4.36960290097 -1.62634527229
586 1 4 235 115 5.13471669857 4.78677840482
587 2 5 235 125 7.68315960417 3.24136227399
588 1 4 235 135 4.27633473776 5.29948765281
589 2 3 235 145 1.62342110508 9.41355454754
590 1 2 235 155 -4.08613473704 -6.20680879909
591 3 3 235 165 -4.57571542526 7.76003223394
592 2 3 235 175 -4.83269352794 3.73516780589
593 1 1 235 185 2.96140352127 -4.39327672094
594 2 5 235 195 -0.0628715369439 9.85370921192
595 1 3 235 205 3.10539837912 -4.81286327276
596 2 5 235 215 -6.36526112916 -4.33416940386
597 2 4 235 225 1.73216808391 2.16768856873
598 3 2 235 235 0.09225366284 9.63611977568
599 1 3 235 245 -3.00279280623 3.66466194498
600 2 1 245 5 6.99967971119 0.451710338248
601 1 3 245 15 6.87886864611 -5.39408005852
602 2 3 245 25 2.26578462805 -4.39937253501
603 1 2 245 35 2.10098358861 -7.00151269366
604 2 1 245 45 2.00922684982 -3.06690998475
605 3 4 245 55 -1.17700395833 -8.59394812495
606 3 4 245 65 -9.80520889647 -6.07399269016
607 2 4 245 75 3.29849424302 4.48914631655
608 3 2 245 85 -9.11872126473 -0.21752060827
609 1 3 245 95 0.827800876306 3.17158272843
610 1 4 245 105 1.32613942313 3.13361683442
611 2 1 245 115 -8.32390342189 8.63466800498
612 1 4 245 125 3.70078063402 -1.93869383793
613 1 1 245 135 2.20284038327 6.04760915864
614 2 5 245 145 3.59846013881 -7.7480287315
615 3 4 245 155 -7.99847865399 -5.05840326541
616 2 5 245 165 -7.62774547863 0.244135672575
617 2 4 245 175 3.64050131487 2.44981792809
618 1 3 245 185 -2.8911091324 3.85211853671
619 1 3 245 195 -5.38204098607 3.77329179081
620 3 4 245 205 2.08303064918 -1.41256296978
621 1 2 245 215 -7.9281010919 -0.155202382085
622 2 5 245 225 8.02682952759 5.88705261174
623 3 2 245 235 -4.29268323878 -3.07583594991
624 3 1 245 245 8.4442751416 -7.62255380523
