150 150 225
0.001 1 1
0 3 5 5 5 -6.22226548091 -2.26057209424
1 3 2 5 15 -7.13627756426 -7.15193235251
2 3 2 5 25 8.5548881401 0.431145726897
3 1 2 5 35 -5.62836278605 1.60998823838
4 2 1 5 45 -5.98975608448 4.06994780986
5 1 5 5 55 4.41506231807 1.78901068679
6 1 4 5 65 -6.38962157649 1.18083782463
7 3 3 5 75 0.872156608425 -1.72100535507
8 1 1 5 85 -4.12668718124 2.03566945295
9 3 2 5 95 7.60717749939 5.58245414885
10 3 3 5 105 6.96937516629 1.29827221067
11 3 4 5 115 6.47045701679 -9.07039381917
12 2 4 5 125 5.40921821398 4.39515890587
13 3 3 5 135 -1.1218775107 9.69834319057
14 3 4 5 145 -7.17749034518 -3.16464702258
15 1 3 15 5 4.03677187609 3.94321192186
16 1 1 15 15 -2.31616809578 -1.91709340015
17 1 5 15 25 9.00268686958 -8.29487400765
18 3 4 15 35 6.19329909652 4.39544162871
19 2 4 15 45 -8.68462791863 -7.92778096328
20 3 5 15 55 9.13339637195 4.0805933271
21 1 5 15 65 -1.11166597191 -3.63517959474
22 2 3 15 75 5.25534915335 -4.56449353889
23 3 2 15 85 2.49188336565 -1.02156650887
24 3 4 15 95 0.975832648113 8.02451773925
25 2 4 15 105 0.161310334286 -3.77634812721
26 3 1 15 115 -3.87203866367 -8.2357907828
27 2 2 15 125 1.293545816 -9.88407827691
28 1 3 15 135 -3.2920384447 2.11749020825
29 1 1 15 145 -2.09146717555 -9.8157102602
30 2 2 25 5 -0.0997244217393 -1.51060673492
31 3 3 25 15 -0.0305857433558 1.44103296055
32 2 4 25 25 -4.68681055638 -7.6326381194
33 2 4 25 35 -1.26237150781 -4.43549696823
34 3 3 25 45 8.23888409619 0.527983589005
35 2 1 25 55 -1.47171802745 4.72282131324
36 2 1 25 65 -5.41225460147 9.11514898092
37 3 1 25 75 -0.467853484409 -7.364616347
38 2 2 25 85 -6.73272791739 -6.54361577433
39 1 3 25 95 8.08538279503 -1.66124896466
40 1 3 25 105 9.69242573353 -9.44876474904
41 2 5 25 115 -6.70726835651 0.721352251586
42 3 2 25 125 3.36783242251 8.80103077752
43 2 2 25 135 6.85172655759 -1.85636679262
44 2 3 25 145 -7.80512565879 2.9097759361
45 2 2 35 5 5.72198423065 2.36055497106
46 3 1 35 15 2.08072409783 1.88175596398
47 1 1 35 25 2.35303675772 1.44735915212
48 3 3 35 35 -3.39782198171 -7.71679669592
49 3 1 35 45 -7.85737646385 1.02483103606
50 2 2 35 55 1.10769243306 4.31088406622
51 3 2 35 65 -7.15300877266 8.38414888793
52 3 5 35 75 0.663546342712 1.69105132853
53 2 2 35 85 4.28050414842 -6.56705567684
54 3 2 35 95 3.23870965661 2.21999552766
55 3 1 35 105 4.34395889343 5.83950574655
56 1 4 35 115 -4.30275744895 -7.0481630666
57 1 4 35 125 6.63261445531 -8.05873317422
58 1 3 35 135 4.44334429125 -4.11664941217
59 2 3 35 145 0.188116857461 -3.88150222459
60 2 4 45 5 -3.27994570089 -0.463207152334
61 1 5 45 15 7.53334537764 -5.89593390548
62 1 1 45 25 -8.26444250784 0.0768825384821
63 1 4 45 35 -1.49806101254 1.88929957565
64 1 1 45 45 -5.42666192768 5.7702607052
65 3 4 45 55 -7.02736525998 9.8967983223
66 3 2 45 65 -1.12541426885 -4.62557677771
67 1 4 45 75 4.47850321132 7.74592567709
68 3 3 45 85 -2.41117692234 5.97282544868
69 3 1 45 95 3.50307509804 6.99094282491
70 3 3 45 105 6.0485488377 -4.35791333534
71 2 4 45 115 1.85400543706 -9.97243391911
72 1 4 45 125 -4.66916126707 1.93280265593
73 2 2 45 135 4.55923151974 -0.820331292581
74 2 3 45 145 6.44558832686 8.51581251232
75 2 4 55 5 3.63751666971 7.17799331012
76 3 3 55 15 -8.49357867029 -9.0054623979
77 3 5 55 25 -2.55190958747 -1.65207532099
78 1 3 55 35 -8.60868011127 -1.27878918247
79 3 2 55 45 -1.95597483578 -4.08366651558
80 1 3 55 55 1.78529173048 7.22553977846
81 2 4 55 65 4.85577435573 -1.85976084652
82 2 1 55 75 -8.22900484062 -5.90372364318
83 2 5 55 85 -9.43709792072 -4.39860200556
84 1 3 55 95 5.42968950535 -2.41915941945
85 1 1 55 105 2.702762412 -5.82604600022
86 3 5 55 115 -1.93736841957 -6.03430596483
87 3 3 55 125 -0.0311795310433 7.68925588405
88 1 1 55 135 4.81116865297 -3.53478126136
89 1 4 55 145 5.5350713247 -0.792369930186
90 3 2 65 5 -9.74662005661 8.9818832985
91 2 1 65 15 -6.08919516146 6.89134467691
92 2 5 65 25 2.43234218405 6.00367656142
93 1 5 65 35 -5.9300479786 -8.76802033646
94 1 4 65 45 -4.86099428889 5.36606010248
95 2 3 65 55 9.45804544699 -9.90171491859
96 3 1 65 65 -2.74708082947 0.560809124471
97 2 4 65 75 8.45696524045 9.47002831592
98 2 5 65 85 2.26551645604 -3.32889422347
99 2 3 65 95 -2.45420360251 -0.537858864535
100 3 2 65 105 -4.70919036529 -8.01737126944
101 1 3 65 115 -2.17684404267 -9.4599540752
102 3 3 65 125 1.57026137138 6.58676064402
103 1 2 65 135 4.97469479539 8.34013182878
104 2 1 65 145 -9.13966388112 -1.60771574354
105 2 1 75 5 -2.62055070316 -0.731310397974
106 1 2 75 15 -9.75765877474 -0.496105641965
107 2 4 75 25 -4.98229946149 -7.59410298405
108 2 4 75 35 -0.687795076508 -0.386736600047
109 3 3 75 45 -3.50177980275 2.32866850917
110 1 4 75 55 0.790424749198 1.28128343866
111 1 5 75 65 5.45921413467 8.95557297689
112 3 5 75 75 -2.11221276638 -2.13976438779
113 2 2 75 85 1.3229025072 1.78091201632
114 3 4 75 95 7.45012993092 -7.13944273629
115 3 3 75 105 8.44887038082 6.03737622334
116 2 5 75 115 -7.97046261199 5.15777547232
117 2 5 75 125 6.35528247109 -2.93898498694
118 2 5 75 135 5.15621243344 -7.34381305037
119 2 4 75 145 -6.31979357651 9.25706638024
120 2 4 85 5 -6.49198425778 -6.92486813572
121 2 3 85 15 4.04012144351 9.30780307246
122 2 1 85 25 8.25383660904 -5.25476008145
123 1 5 85 35 6.56682057307 6.20300121517
124 3 5 85 45 3.3276239703 9.77263849693
125 2 3 85 55 9.52862376829 8.96128893778
126 2 1 85 65 9.89225852277 5.06991565065
127 2 2 85 75 -0.632939087099 0.435422160904
128 3 1 85 85 -8.49911268522 9.80138505764
129 2 1 85 95 7.90079668369 3.42087450253
130 1 5 85 105 -1.74298425472 -5.95279323634
131 3 3 85 115 7.34936233658 -1.60575802538
132 2 2 85 125 -4.60377136181 6.92720309388
133 2 3 85 135 4.30695962901 -9.85382222119
134 2 3 85 145 -8.72193658274 -8.27590710158
135 2 3 95 5 8.20369533118 3.92849725693
136 3 3 95 15 -8.60186210548 4.86340340746
137 2 3 95 25 8.0820977194 -4.06931881542
138 2 4 95 35 -5.95542625951 -6.92346988256
139 1 5 95 45 1.78011562181 0.73047972319
140 2 5 95 55 -1.40903074539 9.13102188051
141 2 4 95 65 3.93310067966 1.84005699643
142 1 4 95 75 1.25426479814 6.76173182471
143 3 4 95 85 4.87520744099 5.79511612155
144 2 5 95 95 -1.46283699215 -1.21816998491
145 3 4 95 105 -8.31141707005 -3.45869949398
146 1 3 95 115 -7.79402468955 -9.92015501712
147 3 3 95 125 0.36437774798 1.37943656962
148 1 1 95 135 4.54210342649 3.00746946556
149 3 5 95 145 9.01821284633 2.07097724814
150 3 4 105 5 -7.88794380356 -3.35536422425
151 2 1 105 15 9.16172553406 -8.88667425184
152 1 2 105 25 6.78861931625 -7.52574888698
153 3 4 105 35 9.24337035315 -8.77268847962
154 1 5 105 45 -0.518066690862 -6.47512789792
155 1 5 105 55 -9.48407444746 -1.57324579544
156 1 4 105 65 9.23411349182 -3.09078591129
157 2 5 105 75 -5.07224152707 8.73487651672
158 3 1 105 85 9.48839867612 4.05918539878
159 3 2 105 95 -2.66001929662 8.98989240261
160 3 4 105 105 -8.44633006214 -6.87938577602
161 3 1 105 115 2.24120163113 -8.7504902456
162 1 2 105 125 -8.11533080485 7.29933037002
163 1 1 105 135 -8.55279772267 -6.39289315366
164 2 2 105 145 7.59675758857 8.97093649522
165 2 5 115 5 -1.23228192606 -7.34131796715
166 3 4 115 15 0.979238586044 -6.2725243053
167 2 1 115 25 4.41300969285 -7.16645291986
168 1 5 115 35 -2.24727150532 -2.70981613017
169 1 2 115 45 3.11697648314 7.89791615239
170 3 1 115 55 -4.31121124152 -6.63238109057
171 1 1 115 65 -3.91777971444 -1.96293730143
172 1 2 115 75 -5.97557835256 -3.59802603659
173 2 5 115 85 9.50935133711 -8.87914453901
174 2 5 115 95 1.31250193027 4.62725656708
175 2 3 115 105 8.36278685786 2.77809911688
176 2 4 115 115 9.09356635525 -7.4665375959
177 2 1 115 125 7.20859744855 -6.05245479702
178 1 3 115 135 1.56411910965 -0.0804618746107
179 2 3 115 145 -1.98522679458 -5.11079616457
180 2 4 125 5 -9.40219613687 4.55981470257
181 1 3 125 15 3.4165519944 9.73512546637
182 2 3 125 25 0.852726171346 5.01083167628
183 1 1 125 35 2.89417485397 -7.17552513853
184 1 2 125 45 9.63880207904 -0.819820714299
185 2 3 125 55 -5.3842966359 -1.90785767161
186 3 1 125 65 0.0197072726056 -2.19863775258
187 2 2 125 75 4.87258003543 8.48585503374
188 2 3 125 85 -6.79859203917 6.21172126718
189 1 1 125 95 -6.74490515567 -7.99265614836
190 1 3 125 105 1.45340091059 3.84742866069
191 3 5 125 115 3.36840126659 -5.22419251454
192 1 1 125 125 6.2050904608 -2.77984584957
193 3 2 125 135 6.27245883177 -0.809943529147
194 3 5 125 145 -1.05184183153 -5.44109407891
195 1 1 135 5 1.802830826 -4.04481498175
196 2 5 135 15 8.57046379097 6.23389660012
197 3 1 135 25 5.32561602233 6.42698324352
198 2 4 135 35 9.40679781184 3.48451832521
199 3 4 135 45 -7.32584132251 9.1203748589
200 1 2 135 55 -9.30720513201 5.14558126698
201 1 4 135 65 7.31442696125 -5.42811063248
202 1 2 135 75 2.3357293753 7.7991278108
203 3 2 135 85 9.92093973485 -6.96587183722
204 3 4 135 95 1.04065032015 -9.00741360075
205 2 2 135 105 7.07145507994 -4.96523327302
206 1 3 135 115 -2.76630400087 -7.37738161241
207 1 3 135 125 -1.71440953399 -1.89641839831
208 1 2 135 135 -5.57381420846 2.74794011133
209 1 1 135 145 -9.38419182139 -6.93742151908
210 2 5 145 5 2.84396575014 -5.35329499125
211 2 3 145 15 0.856713218501 -9.76108642241
212 2 3 145 25 -0.0856184226038 -2.590246862
213 3 5 145 35 -1.50395354855 -0.68229022121
214 2 2 145 45 -6.45142517548 -6.59798995368
215 1 2 145 55 -8.38377962352 -5.2615079815
216 2 2 145 65 -2.9525175544 -5.64496134097
217 3 4 145 75 4.20288743439 2.67167959649
218 2 2 145 85 4.51107480071 2.04288478293
219 1 3 145 95 -5.36675811218 -0.463088647274
220 1 4 145 105 -6.63926599146 -6.17008846353
221 3 5 145 115 6.22026419275 -9.10838213255
222 3 3 145 125 5.49809056614 3.62379855138
223 3 1 145 135 -7.38537006812 -6.86857660081
224 2 1 145 145 0.731498789309 -8.24424400445
