200 200 400
0.001 1 1
0 3 5 5 5 1.51525522273 -7.02643275514
1 3 2 5 15 5.90945308345 -0.759879802353
2 1 3 5 25 -4.60714600788 5.55338501279
3 3 4 5 35 0.638041859388 7.26091050559
4 1 3 5 45 2.96894478342 7.63294934076
5 1 4 5 55 -4.64121639307 0.73403836242
6 3 4 5 65 1.94882526807 -6.82747242446
7 3 3 5 75 2.05900232911 0.688073748816
8 2 3 5 85 5.1131020756 -2.73207382171
9 2 1 5 95 5.77151594388 2.9199403936
10 1 2 5 105 -5.22926742414 -9.45194598628
11 2 1 5 115 9.7058712564 -1.32897094642
12 1 5 5 125 8.8147394864 -9.94385161351
13 2 1 5 135 -5.46859510368 6.81800621827
14 3 4 5 145 2.47821606878 -0.734735825089
15 1 3 5 155 -3.75806068215 -8.0809390721
16 1 4 5 165 -2.4835014365 5.86895705896
17 3 5 5 175 -5.40345929434 2.76553237014
18 2 3 5 185 -6.58505888517 -6.49395114267
19 2 5 5 195 -7.95050560776 9.04885533547
20 1 3 15 5 -1.10336118367 -6.30413704927
21 2 4 15 15 2.16275226845 1.19931246282
22 2 4 15 25 -2.31474198762 -7.84438038795
23 2 2 15 35 4.828373892 2.29351146596
24 3 2 15 45 2.8700420546 1.72923960301
25 3 1 15 55 7.58290526066 -4.28625193035
26 1 5 15 65 8.88759708138 1.65386137342
27 3 2 15 75 1.54332549438 -7.85658998456
28 1 2 15 85 6.16086754019 -5.30134459669
29 1 5 15 95 -2.49773216425 2.06027882618
30 1 4 15 105 5.86135178715 3.93482629817
31 3 3 15 115 9.28369361356 7.46286049319
32 1 5 15 125 5.33041631802 -1.03572023009
33 2 3 15 135 -9.81661233604 -0.49254148876
34 2 2 15 145 2.8451805028 7.54641176829
35 3 2 15 155 8.54480867267 6.33571777729
36 1 5 15 165 -1.41229723978 0.00275557681431
37 1 2 15 175 3.29730957649 6.04000232944
38 2 4 15 185 7.64491759839 -1.21339299338
39 1 1 15 195 7.00899052811 2.31611756745
40 1 2 25 5 -1.33823372583 2.61511489399
41 2 2 25 15 2.38743787433 -7.86843730549
42 1 4 25 25 2.6558892332 7.1027160881
43 2 4 25 35 7.59513037206 9.54110994275
44 2 1 25 45 5.07073798539 -2.2758038525
45 1 2 25 55 -1.01788930764 5.79570865598
46 1 4 25 65 -5.41599227518 -4.63764110834
47 1 1 25 75 -1.86121917149 -3.22224685374
48 3 2 25 85 -2.22842209653 7.87770753725
49 2 3 25 95 -9.19280781143 -1.8822488849
50 1 5 25 105 9.68421833211 8.15105001881
51 2 3 25 115 8.51899896262 -4.52009226047
52 2 4 25 125 -8.35259687343 8.82053323498
53 1 3 25 135 -0.0895144200811 0.301415787834
54 1 5 25 145 -8.72384962185 0.59402154933
55 1 2 25 155 0.454510653725 -4.19162803495
56 2 4 25 165 -5.86722126387 -5.87875161749
57 3 1 25 175 -4.9290295248 -0.127621096492
58 3 1 25 185 6.09147351599 1.21611757718
59 1 1 25 195 7.89309413671 6.66946425966
60 1 4 35 5 -1.25547291759 9.2254203252
61 1 2 35 15 4.4299539508 -1.61970537075
62 2 3 35 25 5.54985702534 7.54206482493
63 1 2 35 35 9.85347518401 -3.53445447842
64 2 3 35 45 -1.303955631 -7.19511122793
65 2 5 35 55 6.34647263725 9.32692287327
66 2 5 35 65 4.77988492312 -7.35442333836
67 3 3 35 75 7.97591629565 1.74217391096
68 3 3 35 85 5.12760903818 -9.53380568596
69 1 3 35 95 8.85850153179 8.10039770353
70 3 5 35 105 -5.53048871239 -4.43723473855
71 1 3 35 115 8.18983825052 4.11292038816
72 3 3 35 125 -6.08270242309 -2.33312087075
73 2 2 35 135 2.64833746981 4.92570191308
74 3 4 35 145 5.45908744106 9.72093737704
75 2 2 35 155 1.15011942936 -1.60347463516
76 3 3 35 165 2.54497904142 9.19953421208
77 1 3 35 175 -4.31552232217 -2.61549360754
78 3 5 35 185 1.33284834524 -7.6901938375
79 1 3 35 195 -6.62990452726 1.91824125773
80 2 2 45 5 4.88911726751 6.39712781865
81 2 5 45 15 1.77926293747 -3.00606535843
82 1 1 45 25 -5.90040577931 -5.51675124778
83 1 5 45 35 -1.64083419896 -2.28583057392
84 3 4 45 45 2.18202305527 -1.69413823543
85 3 4 45 55 -6.66425859303 4.23188345978
86 3 4 45 65 0.388834393437 -3.48828959882
87 2 3 45 75 -8.0835355487 -9.76679520406
88 2 3 45 85 -0.170538684842 -6.05400351599
89 3 4 45 95 8.66206100647 -7.6819981541
90 2 1 45 105 0.899319925171 6.76941623943
91 1 3 45 115 3.9790068428 -4.06927733169
92 3 2 45 125 2.808050584 -0.57248648961
93 2 5 45 135 -9.20991938219 -0.323286603338
94 3 1 45 145 -4.50137044762 7.60659040167
95 2 2 45 155 -9.78065031664 -3.90936348301
96 1 4 45 165 -0.701095048078 -7.30860285723
97 1 1 45 175 6.12188989308 8.04103593609
98 2 5 45 185 -0.558769369571 6.14152441442
99 3 3 45 195 6.91466636151 5.89670095171
100 2 2 55 5 -2.09636729343 -4.94098786075
101 1 5 55 15 -1.53390786582 6.11685390039
102 2 1 55 25 -1.09141122011 -1.79725488461
103 2 2 55 35 -1.29911059298 1.35650564437
104 2 3 55 45 1.61449172286 1.51124669587
105 3 4 55 55 6.14746995147 -8.48666807321
106 1 1 55 65 0.76326788332 -6.66410104011
107 2 5 55 75 2.97398787224 -2.55592217075
108 3 5 55 85 -7.42291800165 -4.08543881062
109 1 2 55 95 -9.06745938426 -0.824991272307
110 3 5 55 105 3.01882987512 -4.04466051354
111 2 1 55 115 9.49969565401 -2.84779657009
112 2 5 55 125 7.2304447515 -4.49509289892
113 3 3 55 135 0.0110604235564 7.87242570843
114 3 3 55 145 -0.695694427063 -4.34781433885
115 3 2 55 155 4.10792628441 3.87230501112
116 3 4 55 165 1.23909921932 -7.88739207116
117 1 3 55 175 2.4697701538 -4.56397903955
118 2 3 55 185 -1.97903051358 -6.3758050655
119 3 4 55 195 -4.9958495081 -5.31197469402
120 3 5 65 5 -3.26144251204 -3.8328962599
121 1 1 65 15 6.90884784052 1.25751608229
122 1 2 65 25 -4.21734522383 -1.58925974262
123 2 4 65 35 3.74122046283 -7.12875149381
124 3 5 65 45 9.54494671942 -3.3790602755
125 2 5 65 55 8.14190494255 -9.43739399609
126 1 5 65 65 3.10037834747 -3.21683640336
127 3 5 65 75 -7.89983676738 8.26553589098
128 2 4 65 85 -8.76457326083 -3.46232311434
129 3 5 65 95 3.17517138611 0.641080052913
130 3 2 65 105 7.27376826428 7.24505760055
131 2 5 65 115 6.86098089145 -0.192995019323
132 3 1 65 125 0.783543808506 -5.40737296657
133 3 4 65 135 8.55828230567 8.17869220473
134 1 2 65 145 -7.60153880463 8.45833818522
135 2 4 65 155 1.22660589673 -3.24463843938
136 3 1 65 165 -1.45083873034 9.33716254833
137 2 2 65 175 -0.504506430995 -4.18903269193
138 1 4 65 185 -4.0537987763 -5.5629758352
139 1 3 65 195 -3.45613758948 -3.06710472748
140 1 1 75 5 7.4106374266 8.26263528937
141 3 4 75 15 3.66557376311 6.88195810181
142 3 2 75 25 4.92108002875 -0.244215494043
143 2 4 75 35 -8.47943577519 -3.39682276547
144 1 5 75 45 4.67332223771 7.90740387475
145 3 1 75 55 9.40711145467 8.67040132226
146 3 1 75 65 -0.587564788999 -1.63767943763
147 2 4 75 75 6.18420678098 4.69946772345
148 3 4 75 85 9.28103813793 -4.54830961839
149 1 5 75 95 -4.09086704302 0.981071084625
150 3 5 75 105 4.15669039317 4.08614308908
151 1 2 75 115 -9.20146987423 0.00584901884769
152 1 5 75 125 -6.35231196847 -5.59088528417
153 3 4 75 135 -6.28099924187 5.00208067914
154 1 1 75 145 1.09742097842 9.15629041343
155 1 5 75 155 8.32802257384 -2.7493862593
156 1 4 75 165 5.52360111967 -8.75826593243
157 3 1 75 175 -4.94244199383 6.5124621946
158 2 1 75 185 -4.2442065312 -6.33302152723
159 2 4 75 195 -1.64272204221 -6.48768229959
160 1 2 85 5 8.55966052856 4.19099999464
161 2 1 85 15 -0.282306954016 4.59636174618
162 1 3 85 25 -6.19825274754 -4.9187754271
163 1 3 85 35 5.35500796647 3.03095343715
164 1 3 85 45 6.83427328459 9.30136950908
165 1 4 85 55 -0.620159681871 0.192236390021
166 1 1 85 65 6.51081427215 8.87054762856
167 3 4 85 75 -8.68471919396 -5.81929816615
168 1 2 85 85 -8.7669642053 -4.4213328349
169 1 4 85 95 6.91675205235 6.13538263224
170 3 4 85 105 -2.55853841398 -9.57790705678
171 1 4 85 115 1.16056482521 -8.74091846669
172 2 5 85 125 8.17444407026 5.2059345819
173 2 2 85 135 4.65673915427 -3.11706334897
174 3 1 85 145 -7.50109572355 -4.99813787019
175 1 5 85 155 -2.44764671592 7.82736881341
176 3 3 85 165 -9.61547286327 -2.11991497392
177 3 4 85 175 -4.07441279639 2.96663022149
178 3 4 85 185 -5.90822775693 -7.01333314286
179 3 1 85 195 -2.51576484982 7.97126571108
180 2 2 95 5 8.26863900313 4.47614309576
181 1 5 95 15 -0.61422572602 -3.13594560097
182 3 3 95 25 0.211614476704 2.805097511
183 2 2 95 35 -9.02115287523 -5.22927546421
184 1 4 95 45 2.86613022663 -7.32752222812
185 2 3 95 55 -2.70663182452 -2.76385622249
186 3 4 95 65 -3.32040402023 3.82485279164
187 2 2 95 75 -0.630504553995 -2.23627578286
188 1 3 95 85 -1.0252875873 -4.8940853964
189 3 5 95 95 8.14048076907 3.87289574894
190 3 4 95 105 9.34966913335 1.56717975559
191 1 5 95 115 -5.11442008616 9.5705168574
192 2 1 95 125 3.75839927588 1.71852390964
193 2 2 95 135 9.46195416009 -6.05152245415
194 1 3 95 145 3.95634658356 2.47715487106
195 3 3 95 155 5.12408580803 -5.2486038955
196 3 2 95 165 -3.3152037394 -5.82336294056
197 3 5 95 175 -9.89402530124 -8.32013187414
198 1 4 95 185 0.0904224829282 7.01201409659
199 3 4 95 195 -2.03245582275 -2.51854212328
200 1 4 105 5 7.54665082637 -3.52235001173
201 2 4 105 15 3.91257462609 -3.42482908573
202 2 3 105 25 3.94649805538 -6.13791999578
203 3 4 105 35 -3.72110632432 3.52694845977
204 3 3 105 45 7.45813746305 0.436325312522
205 3 3 105 55 1.06731638736 3.85589421704
206 2 4 105 65 -9.71583099933 -5.3298296944
207 2 5 105 75 -6.12793025028 2.54180273293
208 3 4 105 85 0.491388352654 -8.26890879515
209 1 3 105 95 -9.74739285251 -5.83892490718
210 3 4 105 105 0.00453091222582 -0.660181062437
211 1 5 105 115 6.51951228631 -9.87241890348
212 3 1 105 125 1.71138631975 8.95091562348
213 3 2 105 135 6.26400506179 -5.92996733482
214 2 3 105 145 -7.53689839789 -0.564394549676
215 3 3 105 155 -4.08811834776 -8.18201107014
216 1 2 105 165 5.89185724236 -1.92949819696
217 1 2 105 175 4.37178335528 -4.6542307853
218 2 2 105 185 -3.42794540864 7.33123709538
219 1 4 105 195 -6.52507024982 1.70807621467
220 1 3 115 5 -3.80731073034 5.01376229013
221 1 1 115 15 3.11523253852 7.84960151131
222 3 2 115 25 -0.520232827402 -5.76147996018
223 3 1 115 35 7.44938659802 -9.61186316263
224 2 1 115 45 -0.797456393216 5.69718446987
225 1 4 115 55 3.2441975179 -9.01118164307
226 1 5 115 65 -7.81078657953 2.24116968875
227 1 2 115 75 5.78228685769 6.14674450722
228 3 2 115 85 0.867081310896 6.6229152256
229 3 2 115 95 7.05420417354 -7.68417445597
230 2 4 115 105 -2.36329902642 -0.142102510875
231 3 2 115 115 8.36282719927 -4.38214874146
232 2 2 115 125 -0.577066479888 5.6218541367
233 1 1 115 135 -0.564316427787 -7.43155761902
234 2 1 115 145 -6.08747733612 -6.04855419388
235 1 3 115 155 -3.86463277975 -9.80815256034
236 1 4 115 165 1.0725044422 -4.67676402767
237 1 5 115 175 -5.71563934672 -2.28187031595
238 3 5 115 185 -0.190010374292 7.13053595488
239 2 4 115 195 -3.29530766269 9.71474777755
240 1 5 125 5 -3.48738062372 -9.1002717479
241 1 3 125 15 7.01753545081 6.71876103805
242 2 2 125 25 6.7993138005 5.99174279844
243 1 5 125 35 -5.21424217919 1.54869967799
244 2 5 125 45 1.34622382999 -6.25712425118
245 1 5 125 55 7.62474175975 -5.1274686771
246 1 3 125 65 -5.91148283178 -6.12593045413
247 1 2 125 75 6.35917244336 -5.71819306125
248 3 4 125 85 -5.64314233031 6.64604680965
249 3 1 125 95 -1.26400227691 -7.54076820829
250 1 2 125 105 0.753379303869 -0.909444707125
251 2 1 125 115 -0.7288547109 3.39130470943
252 1 3 125 125 1.31436503699 -5.2744070485
253 1 1 125 135 -4.6168547481 8.10987043952
254 2 4 125 145 -1.91186462715 0.10199640892
255 2 2 125 155 7.26987894972 4.84521038299
256 3 4 125 165 0.40812019563 -9.69681752976
257 3 3 125 175 9.23146267744 -7.46889154623
258 1 4 125 185 3.73375368407 -1.19342131633
259 2 5 125 195 -0.374300398309 8.4312670489
260 2 2 135 5 -0.937959052098 -8.85248674412
261 1 2 135 15 7.60260212034 5.54877844923
262 3 3 135 25 6.78815694347 5.7218531858
263 1 1 135 35 -5.26303008088 3.95311031068
264 2 5 135 45 9.54026413401 4.60953181264
265 3 2 135 55 3.37101717957 3.16279725677
266 3 1 135 65 -9.44061059336 6.15796181305
267 2 5 135 75 6.50493001191 -9.07183881551
268 2 2 135 85 -3.4167228092 -5.46160462294
269 1 3 135 95 -5.96268971121 7.31671828058
270 1 5 135 105 -7.17020577449 5.38547843102
271 2 5 135 115 -0.000783804800349 8.61589551435
272 1 1 135 125 -5.91404680804 8.06573558071
273 3 1 135 135 -0.651906138641 8.11581382602
274 2 3 135 145 -7.17858139255 -6.30572355838
275 2 5 135 155 -9.84667514724 9.65698759522
276 1 3 135 165 -1.97464443502 0.180061497045
277 2 2 135 175 4.96090459947 7.59126744653
278 1 2 135 185 -5.60929031939 -7.64108642144
279 2 5 135 195 0.044719524933 -9.58221204802
280 2 1 145 5 7.06205280845 -9.82972807809
281 3 4 145 15 2.72160955497 7.33449345675
282 2 2 145 25 2.55487033094 -3.94145681988
283 1 3 145 35 -6.32259772658 -4.27795458684
284 1 2 145 45 9.9419478902 -9.67731689351
285 3 5 145 55 -6.72150614719 -1.83005911775
286 1 2 145 65 9.16868785298 -9.67535659945
287 1 5 145 75 -8.69667598386 -3.60238457916
288 3 1 145 85 4.16586220098 -6.00391651263
289 1 1 145 95 -7.98288597313 -6.80243682913
290 2 4 145 105 8.01328039027 -8.43039060915
291 1 1 145 115 0.126054846377 8.8626003939
292 2 2 145 125 3.67076169625 7.83329110689
293 3 5 145 135 -4.62611528193 0.10353350185
294 2 1 145 145 6.72787812638 4.02939525526
295 2 3 145 155 3.41239451752 1.464100347
296 2 2 145 165 8.20459914582 -0.135048209197
297 3 5 145 175 -4.51315191134 3.96933925175
298 2 1 145 185 -1.88550507253 -4.42447506008
299 3 1 145 195 8.41649719114 8.26928912657
300 1 2 155 5 -2.20646184608 3.41468560891
301 1 3 155 15 -4.18007502597 4.05824245704
302 2 3 155 25 -1.69846391334 8.50827903856
303 1 2 155 35 -7.39814570232 7.13667421263
304 3 3 155 45 -5.14747021688 -6.94100783705
305 3 2 155 55 6.96539161112 -4.63641164849
306 1 1 155 65 -7.94456809757 3.91062751542
307 1 5 155 75 9.91685803195 -7.83697448389
308 3 5 155 85 6.07056833635 -2.45766444702
309 2 2 155 95 1.76043157872 4.35084190518
310 2 1 155 105 7.97637300608 -2.34897764783
311 3 3 155 115 5.95223649141 4.67726700013
312 3 4 155 125 -8.51857193816 7.22101095826
313 2 2 155 135 7.10876516573 -6.08634746968
314 3 5 155 145 -9.94328514655 -9.22966370114
315 2 5 155 155 4.32961659222 8.00938948197
316 2 5 155 165 -9.96675024662 -6.34634000955
317 1 1 155 175 1.68900370653 -5.26803242321
318 1 5 155 185 9.22294237384 1.88044715561
319 3 5 155 195 8.72158905738 -1.06918649609
320 2 3 165 5 2.00009681719 1.10900264979
321 1 3 165 15 -3.68216306973 6.21949762492
322 3 4 165 25 8.22513402228 0.929284012631
323 1 5 165 35 -3.73266237736 2.06118442662
324 3 4 165 45 -2.95700379019 -9.86372536701
325 1 5 165 55 -0.521250034557 -0.910180597516
326 3 2 165 65 -0.831220036989 -1.22123620763
327 1 5 165 75 -4.00497831691 9.55531465554
328 1 4 165 85 -6.74330585124 5.34790530886
329 3 2 165 95 8.88191402139 0.652632722871
330 2 2 165 105 1.43889764516 -8.54855938102
331 1 5 165 115 0.235943059635 -9.5514517215
332 1 2 165 125 -5.70671963977 3.67766659906
333 3 3 165 135 6.99564974165 9.07747442688
334 2 3 165 145 7.85978730943 9.98495060447
335 1 2 165 155 -0.416961761488 -4.81848956867
336 1 1 165 165 -6.7092880224 -1.05704091318
337 3 4 165 175 -8.39778675303 -3.72255253184
338 1 5 165 185 -3.34688591967 -0.607753238648
339 2 1 165 195 9.79397282526 -5.55970876545
340 3 3 175 5 5.51470693985 9.66270529537
341 3 4 175 15 2.8235348061 4.00749006839
342 3 2 175 25 8.29360050711 -3.36580623992
343 1 5 175 35 -7.82133335437 -6.3061302509
344 2 1 175 45 -3.91945657127 -3.88084655085
345 1 2 175 55 0.240177707862 1.57555407643
346 1 1 175 65 2.47336647023 5.06405075492
347 3 3 175 75 6.84906685027 -6.63467614366
348 1 2 175 85 9.61292437497 -2.75204373377
349 1 1 175 95 9.85519178907 6.29585242985
350 3 5 175 105 -1.42123934302 -4.22588021271
351 3 1 175 115 3.72789066622 -0.341244434268
352 1 5 175 125 5.9238538074 6.03527062002
353 2 1 175 135 1.43180492946 4.34127907554
354 1 4 175 145 -4.16069879172 2.58993048882
355 3 4 175 155 -8.1683524629 -6.49490611425
356 3 1 175 165 -4.10390391388 1.23266064927
357 2 1 175 175 -3.78998503226 6.71184629999
358 3 2 175 185 -6.69314866687 9.10343639312
359 2 4 175 195 2.06028817072 -4.025236358
360 3 3 185 5 3.99803181038 -8.02217272582
361 3 5 185 15 7.71443128889 1.42888512007
362 1 5 185 25 4.31201094379 8.36437296594
363 1 4 185 35 6.02993624688 -4.01530568626
364 2 3 185 45 -9.10130611033 -0.48387917386
365 2 4 185 55 5.54423855535 -5.79655149635
366 2 1 185 65 8.43565206871 -0.973244935582
367 1 5 185 75 1.95052209883 3.81601453654
368 1 4 185 85 0.554329463043 -1.48504141301
369 2 4 185 95 9.54626748425 -5.56795792624
370 3 2 185 105 0.588333342161 -1.05058104692
371 3 1 185 115 -2.13648297223 8.77387349265
372 3 2 185 125 -9.00344552532 2.32066478518
373 1 3 185 135 0.290422157329 8.66655090386
374 1 4 185 145 -9.55656737042 -2.59537259027
375 1 3 185 155 -6.84617754992 -7.50373267784
376 3 3 185 165 -9.15971566144 9.90246538398
377 2 5 185 175 3.98927125838 9.88481642304
378 2 3 185 185 -9.51536195051 -1.61266821146
379 1 3 185 195 2.01511764954 9.40212930164
380 2 1 195 5 -3.55689075093 6.14570945327
381 3 4 195 15 4.07177018739 2.03641148911
382 2 2 195 25 6.86060244889 -1.07004302874
383 2 3 195 35 3.79791705478 6.05348552107
384 2 4 195 45 3.3110493461 -0.790282626277
385 2 4 195 55 -0.732663093117 0.331489324341
386 3 3 195 65 8.23312026066 -6.31885431392
387 2 3 195 75 2.72369715745 3.70525607407
388 1 4 195 85 -6.74691916814 -7.08415143224
389 1 5 195 95 6.96700221199 -3.61168117309
390 3 1 195 105 -5.85694859103 0.150387582134
391 2 5 195 115 -2.02394578571 7.72115670166
392 1 5 195 125 -7.35584417445 5.98030288495
393 2 1 195 135 6.17761916699 -2.84751072452
394 1 5 195 145 -1.52956553583 -0.687662991674
395 1 2 195 155 1.43087723528 3.54741023108
396 1 1 195 165 3.39694322624 4.78443340977
397 2 2 195 175 0.483952626467 3.57998576718
398 3 4 195 185 -4.03673231769 2.75096338916
399 2 2 195 195 2.34129067129 -8.44727586861
