450 450 2025
0.001 1 1
0 1 5 5 5 -2.93682436403 7.50856522816
1 1 4 5 15 -7.30279409794 -7.8937856843
2 2 5 5 25 -6.84062130636 -9.45300541828
3 3 4 5 35 -7.29484259779 8.64024972786
4 1 3 5 45 -7.79155799374 0.677076529019
5 2 2 5 55 1.42210510151 4.94218635583
6 2 3 5 65 -5.78504844394 -4.34766093981
7 3 5 5 75 -1.97369776751 2.92425161041
8 3 3 5 85 -1.67769967084 4.76198374076
9 1 5 5 95 -0.253714333755 -3.30481496161
10 2 4 5 105 -0.676583532223 1.95818052634
11 1 3 5 115 -8.32091367359 2.83124789093
12 2 3 5 125 -0.0382815029563 -6.12594784605
13 3 5 5 135 5.99696259618 6.66215979185
14 1 3 5 145 -2.47444552142 1.13742163788
15 3 3 5 155 -0.82091636594 3.65641584242
16 1 5 5 165 -7.54139111273 1.65707196318
17 3 1 5 175 -7.92015075392 8.54602196374
18 1 1 5 185 -8.09818146933 -3.29372212983
19 2 2 5 195 5.31796531722 4.75120237662
20 3 1 5 205 -3.1550864669 -1.69972880902
21 3 3 5 215 -2.9267664722 9.35741684897
22 2 4 5 225 -0.9749061605 -9.50462396207
23 3 1 5 235 8.0328680519 9.32730863602
24 1 5 5 245 3.55503500648 6.82747752511
25 2 5 5 255 -2.1950268117 9.59169295034
26 2 1 5 265 -5.46357826037 5.27211226239
27 3 1 5 275 -3.32177228627 -3.45590023328
28 2 3 5 285 -4.98908589054 7.70893629048
29 3 4 5 295 -4.07800727979 3.12671462603
30 2 1 5 305 2.3230909241 5.5620959956
31 1 2 5 315 0.843094266869 3.98024736995
32 1 4 5 325 -3.04665769071 8.66485088126
33 3 1 5 335 -5.73979803252 -3.26812180307
34 3 5 5 345 4.47795229808 -2.36967233679
35 3 1 5 355 4.36977346894 8.05887468119
36 3 1 5 365 -0.23749557785 5.57379877117
37 3 5 5 375 -8.90677947673 4.21306756787
38 3 2 5 385 -1.87320930856 9.23340917538
39 2 3 5 395 -7.17276788317 -7.8582816392
40 1 1 5 405 9.89199921797 -4.69639679156
41 2 3 5 415 -0.546607688227 -4.47212203232
42 3 4 5 425 4.00940074124 -0.00414173808547
43 1 3 5 435 5.60281689034 -2.06088995836
44 1 4 5 445 0.933423869688 -5.03146543765
45 2 3 15 5 -8.20845048623 -9.75291155804
46 2 2 15 15 3.88697800848 0.951416144474
47 1 1 15 25 -1.72531770215 -0.0190190995765
48 3 2 15 35 -1.36970129654 0.0100971211929
49 3 3 15 45 4.68221419173 7.43899568767
50 1 2 15 55 -4.46676063911 5.28861399688
51 2 4 15 65 -5.83780936609 3.61920822149
52 2 1 15 75 -4.06220074268 6.91216437622
53 2 5 15 85 1.4403264601 4.35841105272
54 3 2 15 95 2.64735893855 -4.85432228804
55 3 5 15 105 7.51738127016 8.25611404149
56 2 3 15 115 6.19679003085 -9.8388358931
57 3 1 15 125 6.83476141988 -7.73601617104
58 1 5 15 135 7.41242582768 -9.00508092003
59 1 4 15 145 9.66992309482 1.38358429376
60 2 3 15 155 -6.77296849811 -8.09739058893
61 2 3 15 165 -1.41943828653 4.89647085236
62 3 1 15 175 -5.0953667693 -8.84880775072
63 2 3 15 185 -4.09579687236 -5.24432227817
64 1 2 15 195 -3.83181591806 -3.6283854057
65 1 1 15 205 3.7792601646 -7.73795899215
66 2 4 15 215 4.52146265993 -0.727004115754
67 3 3 15 225 -6.04471997409 -6.36451739227
68 2 5 15 235 -3.7426749253 -5.62698008238
69 3 3 15 245 -5.03528992318 -9.73671163284
70 1 1 15 255 4.14259579358 1.71872715034
71 2 2 15 265 8.95316824373 9.53329160349
72 1 1 15 275 -2.75513294655 6.26153724633
73 2 1 15 285 1.07334746996 -5.35881989409
74 3 1 15 295 3.61933722422 7.11329830708
75 2 5 15 305 -1.00458960591 1.60917245001
76 2 3 15 315 -3.37880538558 0.816033269112
77 1 1 15 325 -7.13561871504 5.34663319979
78 1 5 15 335 -6.05021275549 6.46693943037
79 3 4 15 345 -5.04658723884 -8.96139712522
80 1 2 15 355 3.71023974423 2.80533114039
81 1 3 15 365 1.02207072748 8.20908794419
82 2 2 15 375 1.27699539624 7.16059615167
83 3 5 15 385 -5.97220891379 -8.04006828554
84 1 2 15 395 -3.91823809904 -6.19590106873
85 3 1 15 405 -3.5147360018 0.00125460256685
86 1 5 15 415 1.01934661828 -0.553904335376
87 2 2 15 425 -7.05246496859 -2.28251218242
88 1 1 15 435 3.35013410375 1.39406019182
89 1 4 15 445 -8.73638768791 -8.05043085445
90 2 5 25 5 0.591093286725 -3.38251058401
91 1 3 25 15 6.90375488726 2.73344202876
92 3 2 25 25 -7.4169740852 -7.64181096346
93 2 5 25 35 6.07041497883 -8.35029319605
94 3 1 25 45 8.73789713352 3.09029002671
95 2 3 25 55 -5.29580841187 4.14813479826
96 3 3 25 65 -1.00280071875 -5.82943534465
97 1 4 25 75 8.86604410047 -8.39753054667
98 3 3 25 85 -4.44735613057 -9.32708945464
99 3 3 25 95 1.67623108239 2.06782000961
100 2 4 25 105 9.71326922525 1.77237631826
101 3 2 25 115 -7.33337112862 -4.42230462607
102 1 2 25 125 -9.43309828549 1.53794157575
103 1 3 25 135 -6.4834259603 6.642362296
104 1 2 25 145 -7.61830019872 -3.57584361852
105 1 1 25 155 -3.21969186728 2.60119384402
106 1 5 25 165 5.30366107271 4.85977526677
107 2 3 25 175 8.67031906386 -9.13424570074
108 2 1 25 185 -0.810798777988 4.39598192558
109 2 3 25 195 3.07418097933 9.60105043452
110 3 3 25 205 6.66973331958 9.9451643409
111 2 3 25 215 -1.91078378259 9.60508751139
112 1 1 25 225 -9.03174938601 8.95399870641
113 1 3 25 235 1.07655502445 -6.90735167605
114 2 3 25 245 -6.18602697346 -4.96972074639
115 2 2 25 255 -1.31054441019 -5.41179514796
116 2 1 25 265 -1.62154362995 7.58287362081
117 3 4 25 275 -6.44719339072 -8.99009332502
118 2 5 25 285 8.25430673968 -2.54551786084
119 1 5 25 295 0.482853865795 -4.66444799902
120 2 4 25 305 -8.59496249006 -5.44472341863
121 3 5 25 315 1.06692921911 1.82831818436
122 3 4 25 325 6.34209120331 8.77868257283
123 1 2 25 335 4.51047566019 7.66598280261
124 3 5 25 345 -2.47974125675 -0.345850429155
125 3 5 25 355 -5.25008614805 -8.46503440782
126 1 5 25 365 1.49533130764 -5.98653110344
127 2 5 25 375 5.39565005158 -5.8987446346
128 2 5 25 385 -5.4753021526 2.6724174026
129 3 4 25 395 4.91727841042 -8.2800516621
130 3 3 25 405 7.68305914333 -1.21249421717
131 3 2 25 415 -4.31863691097 9.75258069489
132 2 4 25 425 -2.52155366448 7.17679222777
133 3 2 25 435 -6.00551538411 9.40138560656
134 3 3 25 445 7.02205420573 -1.64097623252
135 3 4 35 5 -5.65607167435 -6.09120045764
136 3 3 35 15 5.02649401751 1.19685059182
137 1 4 35 25 -3.07516301358 3.18757103114
138 3 1 35 35 8.70187348808 4.32456856118
139 2 5 35 45 -6.17176474603 5.95670012831
140 3 2 35 55 8.73319968362 -6.03100460461
141 2 4 35 65 1.16634605375 6.1383469966
142 2 1 35 75 -4.18017441137 -0.86786507554
143 1 2 35 85 -9.44089636544 4.11926057276
144 1 1 35 95 9.07744829942 9.16372912557
145 2 1 35 105 5.7138239753 -0.70453224741
146 1 3 35 115 6.63553728868 -7.18799979079
147 1 3 35 125 -8.52512068847 1.97054103375
148 3 5 35 135 9.72465650407 -0.415715756223
149 1 2 35 145 -6.86088981831 -9.68294746224
150 3 2 35 155 4.99616426428 7.32813163237
151 2 4 35 165 4.52204408756 -0.490850787683
152 2 2 35 175 5.92569208985 5.50946679325
153 2 1 35 185 6.45253707743 -9.35915237079
154 3 1 35 195 0.148476506206 4.19072265339
155 1 4 35 205 -9.0420546235 5.9334419817
156 2 5 35 215 -1.2851078806 -5.98462539876
157 1 4 35 225 -2.42122191422 -5.18286053915
158 3 2 35 235 -0.374848125529 -7.97207431854
159 3 1 35 245 -8.3522969322 -2.1514904873
160 1 3 35 255 7.57157681919 -2.4108996994
161 2 3 35 265 -9.38038298327 2.2087291016
162 1 2 35 275 -6.64486644662 -1.06879645628
163 3 2 35 285 0.870456868003 -1.03239882903
164 2 5 35 295 -4.64074167149 7.19938329833
165 2 2 35 305 2.16811941574 8.79885991035
166 3 5 35 315 1.94789114985 8.19390972752
167 1 1 35 325 -1.52611211652 9.28305297715
168 1 1 35 335 -2.14986738229 -0.109821283455
169 1 1 35 345 -9.46610302675 -1.19847620511
170 3 2 35 355 8.97294378398 1.97017259815
171 1 2 35 365 6.04753620011 -1.64482689208
172 3 1 35 375 3.41427017078 -1.89938625954
173 2 1 35 385 7.07348937463 5.3406076914
174 3 2 35 395 3.6857316894 -6.20057448482
175 3 4 35 405 7.17639719399 -3.15119102389
176 2 3 35 415 -6.61069919188 0.411991824313
177 1 4 35 425 6.92268830752 4.69244210358
178 1 5 35 435 -5.55986877714 -4.38252168172
179 2 4 35 445 -6.19752923103 7.75667085318
180 2 3 45 5 -9.33209877177 -8.96031377491
181 3 3 45 15 2.57517795104 -2.80968510342
182 2 1 45 25 6.1611943783 4.4188476075
183 3 4 45 35 -6.16496053776 8.85541263047
184 3 2 45 45 7.64914495454 -3.05234806209
185 2 4 45 55 3.06124916593 -5.21346225159
186 1 1 45 65 6.42959504117 -0.148743373493
187 2 2 45 75 7.07763698107 9.18598762377
188 3 3 45 85 -6.09601079353 -5.00357690666
189 2 4 45 95 2.60818104873 5.23048571522
190 2 4 45 105 -7.80141762092 4.43290715548
191 3 2 45 115 1.62962276372 1.9815432329
192 2 5 45 125 7.12407886748 3.4717533905
193 2 4 45 135 -9.66012645062 -3.49977061204
194 2 1 45 145 5.00458846678 -0.263482510697
195 2 2 45 155 -4.74962015317 -0.14834803968
196 3 2 45 165 -3.7080394094 -2.5169907394
197 1 1 45 175 6.45754551022 2.85457426677
198 1 4 45 185 -5.89193570598 -8.68009874686
199 2 2 45 195 2.4246815427 4.32405940269
200 1 4 45 205 -1.0305072913 -1.16113263451
201 3 2 45 215 -7.53222440254 0.193632727059
202 1 3 45 225 1.53179189155 -5.5099568448
203 2 3 45 235 0.797288713867 5.39907642988
204 1 4 45 245 8.10915798655 -9.9014422438
205 2 1 45 255 1.15536241493 4.79923025892
206 1 3 45 265 -4.30134904674 -8.49547586323
207 1 2 45 275 0.267948572327 1.57498023444
208 2 4 45 285 1.06989608664 6.96928718687
209 2 3 45 295 0.0189376548085 2.0378439698
210 3 5 45 305 -1.0441669549 9.43810356297
211 1 5 45 315 -1.17289321967 1.22698791328
212 2 5 45 325 0.375590692294 -7.54512508594
213 2 1 45 335 -2.9422281777 -8.32245656075
214 2 3 45 345 -1.1061704967 0.491693456109
215 2 4 45 355 1.42593956617 -8.80609780265
216 2 3 45 365 -9.23534294381 -5.70656523107
217 2 5 45 375 2.24098194476 -4.09365113479
218 2 1 45 385 -3.84415057585 8.78532196844
219 3 5 45 395 1.30269125387 -7.13143657838
220 2 4 45 405 5.14048437498 3.41404002609
221 1 5 45 415 -1.78410850281 -6.16748008236
222 1 1 45 425 -2.05420966352 -2.15610503761
223 2 2 45 435 -2.65739276796 -7.86734002717
224 3 5 45 445 -5.03107998686 9.15219161919
225 1 3 55 5 -8.90890756988 4.58194291135
226 1 1 55 15 -6.99029862572 8.84558582408
227 3 2 55 25 -6.43279274723 -9.43732261544
228 2 4 55 35 -8.40527695275 -7.3146137552
229 2 5 55 45 4.05631386885 -2.56577153164
230 3 5 55 55 -9.57427262373 0.239534755466
231 3 2 55 65 9.86861134306 -2.73633213964
232 2 3 55 75 6.90955045563 -4.13731782697
233 2 2 55 85 9.35964094459 6.73295350863
234 3 4 55 95 1.11199843191 3.63445462291
235 1 3 55 105 -3.96940201751 5.44756675431
236 1 5 55 115 -8.79711210614 0.0364573756321
237 3 2 55 125 0.080736698504 -4.0042082168
238 2 3 55 135 -1.08472550289 3.76257676934
239 2 2 55 145 -7.14947364083 6.83770038768
240 1 4 55 155 7.83590579823 -9.57487799618
241 1 5 55 165 -2.7022962851 -4.09160931987
242 2 1 55 175 2.87240697563 2.95926896509
243 1 2 55 185 -9.5240170468 -1.35049573063
244 3 1 55 195 -0.869367460129 8.73437205763
245 3 1 55 205 5.63213804191 -9.3172113281
246 3 5 55 215 3.80755270576 3.26514346867
247 2 3 55 225 -0.475214346409 4.42960957604
248 3 4 55 235 7.7282858869 -1.77711505975
249 2 5 55 245 -1.60522716143 -4.28507940604
250 2 3 55 255 -9.45243930086 2.05680157445
251 1 2 55 265 -3.83270519183 6.22397602691
252 2 2 55 275 -2.52672001136 9.59965122288
253 1 3 55 285 4.72747905588 2.73324497887
254 3 4 55 295 -7.15637160137 -6.61660160691
255 2 1 55 305 -3.36871919113 -2.56940382266
256 2 4 55 315 0.0368375837047 -2.6267191729
257 1 5 55 325 7.57833431655 1.27071007891
258 2 1 55 335 -6.99310492764 -5.59257702989
259 3 1 55 345 4.82265921349 2.56254561673
260 1 3 55 355 -2.68235671603 9.66238291193
261 3 1 55 365 -5.69419597344 -4.54422511593
262 2 2 55 375 -5.7989246914 5.86280105395
263 2 1 55 385 7.40893330415 4.46600670282
264 3 3 55 395 3.67455928096 -5.61975135126
265 3 5 55 405 1.63811754576 -9.67398864715
266 2 3 55 415 1.97344861058 7.401353242
267 3 5 55 425 9.16196461147 5.9986853609
268 1 1 55 435 7.38312917242 3.98633764958
269 1 5 55 445 -9.75507843766 3.82811418641
270 3 1 65 5 -3.16789806816 -9.76476531116
271 1 5 65 15 9.31259542447 9.92688750958
272 3 5 65 25 -1.84957561336 -5.55027078447
273 2 2 65 35 -0.736783062335 -0.514473731118
274 3 5 65 45 -3.7468714124 5.39106860923
275 2 1 65 55 -5.17283168691 1.1262432311
276 1 1 65 65 -6.06197599462 2.71766084466
277 3 1 65 75 -9.90186900385 -9.55074036965
278 2 1 65 85 -7.89890358186 -8.56037570998
279 3 2 65 95 3.05393803853 1.93666683867
280 2 1 65 105 -4.22134455807 5.14466971236
281 2 1 65 115 -8.06696041173 5.60021435374
282 1 4 65 125 -6.04271257608 -9.05545573735
283 3 4 65 135 3.53166981106 3.22096530587
284 1 1 65 145 -8.42354381767 -4.97409636808
285 3 3 65 155 4.6415378648 -2.36450367746
286 1 3 65 165 -0.178740112359 7.56134301079
287 1 4 65 175 -5.82928923239 9.79149213699
288 2 5 65 185 -1.20828361722 9.44660414831
289 2 1 65 195 -7.30422476232 1.30250201185
290 1 4 65 205 7.53559455579 -5.2421259256
291 1 3 65 215 2.77349981851 2.03929830609
292 2 4 65 225 1.19390476502 7.49042109281
293 3 1 65 235 -5.64360476248 -1.34468902737
294 1 2 65 245 9.0219234459 3.60968331563
295 2 4 65 255 -4.96890120348 -4.08686655326
296 3 4 65 265 -3.16517525964 5.6021976121
297 2 3 65 275 6.56948440452 -7.09721401624
298 2 3 65 285 -7.13405830592 8.81666530544
299 3 5 65 295 7.91782035981 -7.16666543552
300 2 3 65 305 8.35141524268 -2.28326482689
301 2 5 65 315 9.25205018178 1.71837601815
302 1 3 65 325 9.53276300862 2.19116823553
303 2 5 65 335 6.2753015064 6.59488126852
304 1 1 65 345 6.67534994443 6.31999720249
305 2 1 65 355 0.435529682812 7.66864086402
306 2 1 65 365 4.83473514396 4.02374308098
307 2 2 65 375 -3.29559779817 -5.11921502702
308 2 1 65 385 1.71560160184 -7.23136893585
309 3 5 65 395 6.42290566041 -2.12301345779
310 2 5 65 405 0.596089508551 -8.17350759851
311 3 4 65 415 -7.74334633347 -0.338437124929
312 1 4 65 425 -9.46511213575 -1.1632554166
313 1 4 65 435 -1.29121172363 9.64658753373
314 3 4 65 445 3.09639114999 -1.17838950974
315 3 3 75 5 -9.47194721077 2.32445162928
316 2 5 75 15 -2.45120829784 5.26600179118
317 1 5 75 25 -6.64894137789 4.3411624817
318 1 2 75 35 5.47140900709 -8.83091081336
319 3 1 75 45 -5.63186200832 9.51138333771
320 1 5 75 55 6.29479776679 -3.9600984929
321 1 3 75 65 4.74632563372 -7.48071790647
322 2 1 75 75 6.09810990117 5.08953189551
323 1 5 75 85 2.57756030189 -5.27356680192
324 1 1 75 95 8.18076516717 -5.648478603
325 3 3 75 105 7.51824294821 2.56381345213
326 2 5 75 115 3.16453738834 -2.57338626142
327 3 4 75 125 7.37707708184 -8.91118762222
328 1 5 75 135 0.52281060175 2.92988480291
329 3 1 75 145 6.02409077388 -9.15260542282
330 1 3 75 155 7.42780630499 4.75717835631
331 1 3 75 165 8.14024006506 -9.85341823938
332 1 5 75 175 6.18267264631 5.00357814583
333 1 3 75 185 -5.49374599044 3.05697539878
334 3 2 75 195 -8.68898742438 -1.08258941788
335 2 3 75 205 7.11986640583 3.28558457606
336 3 5 75 215 6.4822288314 2.90101164901
337 3 3 75 225 0.753481622535 8.59047466251
338 3 3 75 235 -9.23484563257 9.26200448093
339 3 5 75 245 3.27606045192 -3.26619755594
340 2 3 75 255 -3.66034544638 -7.29021204549
341 1 4 75 265 6.10988895529 -7.23635204599
342 3 4 75 275 -0.0716886493397 1.72670880054
343 1 1 75 285 -2.97568377067 6.700287747
344 1 3 75 295 -5.07402548492 -6.96083482883
345 2 1 75 305 -6.68676270389 -0.805172490009
346 1 4 75 315 4.37542038818 2.99227374575
347 3 3 75 325 -0.494806152937 9.84769829701
348 2 1 75 335 8.51770803224 2.40577143156
349 1 5 75 345 -3.51751162505 4.28995663211
350 3 5 75 355 6.43866652102 9.63914021916
351 2 2 75 365 1.77399516938 0.318121415506
352 2 5 75 375 8.50192804186 -4.87224841614
353 1 2 75 385 5.34369261369 -7.40485649691
354 3 5 75 395 -3.1518421863 5.02261646396
355 1 3 75 405 3.45633987566 7.93396601795
356 2 5 75 415 -0.678391277054 -6.75787274613
357 3 5 75 425 1.05080257855 5.65344925929
358 2 5 75 435 9.08306211999 9.63606440592
359 3 5 75 445 -8.20403504243 5.06652397332
360 1 4 85 5 5.63300202279 8.85091998389
361 2 1 85 15 -2.75081061707 4.42999771572
362 1 3 85 25 9.82912413063 1.29952583296
363 2 4 85 35 -0.238249249363 0.918621170394
364 3 3 85 45 2.73622355587 7.40750628358
365 1 3 85 55 1.40589665536 2.10797679256
366 2 4 85 65 2.68809330089 -3.67852159333
367 2 5 85 75 -1.56379802979 -7.9909398875
368 3 5 85 85 5.64579946423 3.44386277743
369 2 4 85 95 3.88625983851 -7.15375124989
370 2 5 85 105 -6.29348043597 2.15532319981
371 3 3 85 115 5.35287761314 -7.87385746544
372 2 1 85 125 8.02189915711 5.77816223855
373 3 2 85 135 6.50787475331 -1.08469332698
374 2 5 85 145 3.28703686453 -8.09607597673
375 2 3 85 155 2.39525138313 8.03300043841
376 1 4 85 165 -9.36299030076 -6.06016151825
377 1 1 85 175 9.21979750386 7.60255806892
378 1 5 85 185 -6.34861288752 -9.17447130288
379 2 5 85 195 0.847620356701 7.70972202735
380 3 4 85 205 1.50248880114 5.60709176286
381 3 2 85 215 -7.60993812443 1.19745379924
382 1 5 85 225 -5.849090072 6.9115702134
383 1 3 85 235 -6.31350540951 2.97427778527
384 3 2 85 245 1.02314447311 -6.03560795871
385 3 2 85 255 2.65721186258 8.00124957335
386 2 5 85 265 8.35539903617 -4.60490929223
387 1 1 85 275 0.841953541524 9.51093217433
388 3 2 85 285 -9.16469402187 -1.07216981921
389 1 4 85 295 -8.71936627984 -1.89208450862
390 2 1 85 305 -7.77115189861 9.78691061303
391 2 5 85 315 -0.915258287283 9.00319362754
392 1 2 85 325 9.35260962358 7.78407742287
393 2 5 85 335 -2.66694842943 -5.28056807108
394 1 5 85 345 -2.42302626115 9.73504971504
395 1 1 85 355 6.75126377586 3.20547219146
396 1 3 85 365 0.980830591366 8.13081298726
397 1 3 85 375 6.82644630425 -0.322026618464
398 1 2 85 385 5.03232880169 8.91953427157
399 3 4 85 395 -1.79807897561 7.87219558295
400 2 1 85 405 -4.98227566841 -2.05194762413
401 2 3 85 415 -9.58765356277 8.6986131717
402 2 1 85 425 8.6675980539 -0.937220291274
403 1 4 85 435 -6.52127607489 6.45395556804
404 3 1 85 445 -2.14678879426 3.0984443604
405 1 5 95 5 0.824745990291 0.423541823385
406 2 1 95 15 4.70527203968 4.06752886613
407 3 3 95 25 -3.99288358668 -1.38229828279
408 2 2 95 35 -7.55354755024 -2.65597542131
409 1 3 95 45 -0.330110238732 -5.06981787599
410 2 3 95 55 -2.86142483818 1.3494719029
411 1 5 95 65 -7.11437238344 -2.57589074766
412 1 2 95 75 6.75071359323 -7.04402101596
413 2 4 95 85 -5.2675759386 5.58729624776
414 1 2 95 95 5.80244576155 0.0925736028427
415 1 2 95 105 8.38043976235 -1.59446049663
416 3 5 95 115 -3.48171189488 -7.54449934322
417 1 5 95 125 1.48458698234 2.29583449724
418 3 5 95 135 5.01327504765 5.06439956508
419 3 5 95 145 4.71886639876 5.72635710325
420 2 5 95 155 -6.39865894174 -1.37228715262
421 3 2 95 165 -1.15889804 0.0872492631592
422 3 1 95 175 4.74283408231 3.63624192966
423 1 1 95 185 -1.61178936798 -5.39255836026
424 2 1 95 195 8.09422763375 -7.12886506622
425 2 2 95 205 -7.33625834393 9.0731664859
426 2 5 95 215 3.16020135874 -7.33037138766
427 3 5 95 225 -0.93750251927 -5.69936220181
428 2 3 95 235 -3.40278591425 4.50662884833
429 1 3 95 245 -7.42561164356 7.35304250198
430 3 4 95 255 -9.37257194887 7.54636189186
431 1 5 95 265 2.63951719863 6.79784154052
432 1 1 95 275 8.62025043839 5.19566229407
433 2 1 95 285 -9.89804069304 3.74079232657
434 1 4 95 295 -4.66028879621 8.1811521257
435 3 1 95 305 9.2293285052 8.87030579356
436 3 4 95 315 -8.68155919064 0.544892011718
437 1 3 95 325 8.33938194285 8.43103279484
438 2 4 95 335 6.18782826931 -5.89809064277
439 2 2 95 345 -6.80316175879 -3.85522645761
440 2 4 95 355 9.07025831721 -2.32908733157
441 2 1 95 365 -0.326422006695 3.4607979508
442 2 3 95 375 1.88643911224 1.10102426392
443 1 3 95 385 4.8087235464 -2.87934639841
444 1 4 95 395 4.37151960846 -6.25123796522
445 3 1 95 405 2.48642655874 -8.71867454041
446 3 2 95 415 -1.35645053294 5.57840310095
447 1 3 95 425 7.45521069606 7.25205772109
448 2 1 95 435 0.175716839089 1.16464389777
449 3 1 95 445 -8.03320714071 8.17693411021
450 1 2 105 5 -3.88674012004 7.66239437758
451 3 2 105 15 3.54303914265 -2.5473255393
452 3 2 105 25 6.28761261265 -7.88925077497
453 1 4 105 35 -1.14493395843 -5.94647462185
454 1 2 105 45 3.81284138654 3.02311202672
455 2 2 105 55 -0.629133271999 3.32906270675
456 2 4 105 65 -4.88594335674 -1.75567556153
457 3 2 105 75 -2.4441523752 7.98804853794
458 2 5 105 85 8.54997433498 -5.25025847951
459 2 3 105 95 -5.9734659192 -5.68458860164
460 3 4 105 105 -5.18527318022 -4.32758055836
461 1 1 105 115 2.75041837584 9.19663285985
462 1 2 105 125 0.882521353356 7.12334476057
463 3 1 105 135 -4.5166725122 5.09830431268
464 3 5 105 145 -4.92798285132 -9.65178021788
465 1 4 105 155 -2.24467161103 -6.18725768653
466 1 3 105 165 9.38335220567 9.11649538077
467 2 1 105 175 1.72667372997 -8.38704498558
468 2 5 105 185 6.75253807706 -2.92190570266
469 3 2 105 195 -3.27773328865 5.53629564937
470 3 3 105 205 9.43642210501 -7.19804843056
471 1 1 105 215 5.80014521155 3.50668027904
472 3 5 105 225 1.59508768382 -4.98972802955
473 1 4 105 235 3.48582097482 -7.03359018331
474 1 1 105 245 7.72224562756 -5.58044847929
475 1 4 105 255 0.798558701135 3.57599312198
476 3 5 105 265 -9.8470355258 2.17132983265
477 2 2 105 275 -9.24270549202 1.01558501525
478 1 1 105 285 -7.76945560864 3.10584949562
479 2 1 105 295 8.20163263929 -3.06498728649
480 1 2 105 305 3.72467582044 -5.96595922044
481 2 5 105 315 0.0389236623308 5.80047010761
482 3 5 105 325 4.95018534905 1.56987189894
483 1 4 105 335 -4.79196064303 -8.2281775607
484 2 3 105 345 8.1862786395 -4.80598517621
485 1 5 105 355 0.593156363294 -4.77017056106
486 1 3 105 365 -1.94501122482 5.3954755807
487 3 4 105 375 -4.63216833401 9.33971950126
488 2 5 105 385 -8.7497149021 -3.94847192629
489 1 3 105 395 2.35775689777 -6.65470179608
490 1 4 105 405 1.27051331962 -0.394383781658
491 3 1 105 415 -4.21767104795 -9.30554134271
492 1 1 105 425 7.54787690745 6.97183003342
493 1 1 105 435 -3.52502629231 5.33738028375
494 1 3 105 445 -6.22580048145 0.641300552746
495 2 5 115 5 9.25781336604 4.42483177728
496 3 4 115 15 9.03664162336 -6.4968157991
497 2 5 115 25 2.6413251954 -9.81126719655
498 2 4 115 35 -3.52951096956 3.95981541782
499 3 5 115 45 -0.895829967536 3.5473342059
500 1 5 115 55 0.874842796526 5.27238175468
501 1 2 115 65 9.56509606421 -7.83720282008
502 3 4 115 75 -9.42528459795 -2.87973317012
503 3 1 115 85 0.861883199064 -6.25162263053
504 2 3 115 95 8.30642969596 -7.40647374612
505 1 2 115 105 -6.92218310173 -3.77588532419
506 2 1 115 115 1.58349479907 -0.753661917868
507 2 1 115 125 -9.3433931484 -2.33901766942
508 1 5 115 135 -4.31312038028 7.98509493491
509 3 3 115 145 7.42167205211 8.02081200964
510 1 1 115 155 -0.933680620667 1.88841871054
511 1 5 115 165 -3.762102961 -7.5618503233
512 2 3 115 175 -3.69272366876 0.196444371693
513 3 2 115 185 -9.44684359009 -9.13997387207
514 3 3 115 195 -9.35849026673 -5.12600720975
515 3 2 115 205 -7.21065886709 3.00252026855
516 3 5 115 215 -3.28726529998 -4.55741129881
517 1 4 115 225 -2.83158459071 5.59917761187
518 1 2 115 235 -3.59857005631 3.06179778089
519 2 3 115 245 0.163228571971 1.50383478138
520 2 1 115 255 4.34981678565 -5.71876643801
521 3 4 115 265 -2.12402274012 0.496429565865
522 3 2 115 275 -8.09951551413 -1.42681485048
523 2 2 115 285 3.04447706443 -0.611471307997
524 3 5 115 295 6.02939518731 -2.4677561198
525 2 4 115 305 8.92164369918 3.84330737087
526 1 4 115 315 8.59807372919 -9.07670938969
527 1 5 115 325 -7.99330548238 -7.75286013425
528 2 1 115 335 8.46018477527 4.32731298984
529 3 5 115 345 -3.96437489124 2.25254298496
530 2 5 115 355 4.3552560468 -4.63224969551
531 1 1 115 365 9.75912925008 -0.342796012927
532 2 2 115 375 -2.49652142339 -9.59529277948
533 1 3 115 385 6.29059741491 3.17532057612
534 3 2 115 395 3.51464738374 -2.78580881579
535 1 3 115 405 7.8675783482 9.6901075442
536 1 3 115 415 -7.25854296965 -4.71617652358
537 1 2 115 425 0.286699236531 7.3441593721
538 3 3 115 435 -0.680782188827 -2.09080959659
539 2 5 115 445 -3.19244034339 4.59021623306
540 2 1 125 5 -0.395960364318 -4.85615116778
541 1 4 125 15 4.38370625386 0.635620845508
542 2 3 125 25 -6.03685151377 2.65748671005
543 2 1 125 35 1.0875636621 8.78035337073
544 1 3 125 45 6.55818919828 -6.21597643161
545 2 1 125 55 -8.73238960542 6.79494127729
546 2 1 125 65 -7.1710979014 1.32194591541
547 1 5 125 75 -0.221308141017 9.2254015425
548 1 1 125 85 0.994495731068 5.37483493207
549 1 1 125 95 -0.389924997495 -6.25478406048
550 3 3 125 105 -1.20839448239 7.29531026692
551 2 2 125 115 -5.14351486369 -7.99369197023
552 2 2 125 125 7.45981579877 6.34597249165
553 3 2 125 135 1.50371994751 -5.39686741044
554 3 2 125 145 -5.06383640996 -7.70491763949
555 3 4 125 155 6.79540437124 7.65866171627
556 3 5 125 165 6.30977705466 -2.69118860438
557 1 1 125 175 -7.70972843361 -6.76539752762
558 2 5 125 185 1.15954079025 2.6990942431
559 2 2 125 195 -3.88550384096 9.40368262577
560 3 2 125 205 -7.02488882418 7.79341224383
561 1 1 125 215 7.87009320887 0.110187944896
562 3 1 125 225 2.67771510455 -7.48765136032
563 2 3 125 235 7.19262976177 6.56208097658
564 3 3 125 245 -0.248067444839 4.85464013492
565 1 5 125 255 -5.10033756275 -6.16735452165
566 2 4 125 265 6.39815169841 -9.29333494711
567 1 2 125 275 3.2066845659 -3.0170381867
568 2 4 125 285 3.35286111397 -2.71295937383
569 2 3 125 295 -8.00839508627 8.24992359456
570 3 5 125 305 -6.20132873802 -3.92282966884
571 3 1 125 315 -9.52934074845 8.5013078647
572 2 1 125 325 0.149587878445 -5.53257526433
573 1 5 125 335 -3.22823994882 9.98541434667
574 1 2 125 345 5.75178792647 2.44040076457
575 2 5 125 355 1.16592367527 1.15711894709
576 2 2 125 365 -9.76212144767 3.83893828469
577 2 1 125 375 -3.11018331028 3.42445015185
578 1 5 125 385 8.19913768839 -6.34279787114
579 2 2 125 395 -4.93365729644 7.25571994793
580 3 4 125 405 3.73669514979 7.9225307749
581 3 3 125 415 0.154918426216 6.61677982238
582 1 2 125 425 6.55353237819 7.20592813167
583 2 2 125 435 0.32036824217 5.49320058238
584 2 1 125 445 -2.9889148526 5.43502079103
585 1 5 135 5 1.18025889581 1.89358532764
586 3 3 135 15 4.37145009624 8.00211399649
587 1 2 135 25 -5.46444351899 -8.79509646042
588 2 2 135 35 5.5683260659 8.38718302378
589 2 2 135 45 4.89614245712 6.25071235598
590 2 2 135 55 -6.09248952633 -3.14051397593
591 3 1 135 65 -4.28583828341 -9.4064465716
592 3 5 135 75 -7.19235806591 -8.83119443177
593 2 3 135 85 -8.89582437298 5.03181717692
594 2 4 135 95 -2.10601826801 8.82343571657
595 2 4 135 105 -4.46501208052 -8.60176488409
596 3 1 135 115 -6.18895650702 3.70271067608
597 3 2 135 125 5.90687119971 2.63719747436
598 3 5 135 135 -5.0247078992 -6.47727499022
599 1 4 135 145 -8.09630878373 0.930687144429
600 2 1 135 155 -8.39967398648 9.27724350021
601 3 5 135 165 9.20262221926 2.87017196473
602 1 4 135 175 -9.08081037778 5.13861081841
603 2 1 135 185 -3.87907124972 -4.47513069608
604 3 2 135 195 8.69499673842 -9.65291675118
605 3 1 135 205 -0.46580166111 6.81713590847
606 1 3 135 215 5.6046238377 -4.16971260817
607 2 2 135 225 1.16629385117 4.58171052611
608 2 2 135 235 -6.33417794101 -5.80867854601
609 1 1 135 245 2.18432868819 -3.84631020304
610 1 3 135 255 -7.98222359369 -8.84571121031
611 3 1 135 265 -9.72596547124 4.31828963989
612 3 1 135 275 9.60210216972 4.5668569461
613 1 3 135 285 8.15085788954 -6.33933206922
614 2 5 135 295 9.39337990752 6.89612841455
615 1 5 135 305 -3.88560632875 -0.0309848077833
616 1 5 135 315 -1.92160492174 2.61869717703
617 2 5 135 325 -4.91259509871 8.0228925181
618 2 3 135 335 0.608727795181 -9.21587976189
619 3 1 135 345 4.95844515948 -6.98427525009
620 3 5 135 355 -0.81229038342 1.90046306796
621 3 4 135 365 2.92140357231 -1.87532915254
622 2 4 135 375 8.92419547732 -4.01030343282
623 2 2 135 385 2.05158778466 -6.64451424132
624 2 4 135 395 9.02197909885 4.60275776327
625 3 4 135 405 9.88696744308 -3.88680460702
626 1 2 135 415 0.527220534159 -4.96470355698
627 2 1 135 425 6.78861880155 7.85787116063
628 3 4 135 435 5.32339207582 -5.0184112911
629 1 3 135 445 -0.975260391642 -3.92421728719
630 2 5 145 5 0.447496425942 -0.726569084699
631 3 4 145 15 -6.0679753243 -4.5918022668
632 1 3 145 25 -8.48700983644 -3.57716018018
633 3 3 145 35 -1.48590308071 7.04644050154
634 3 1 145 45 -1.4432149852 1.81933262674
635 3 4 145 55 6.60961264946 0.0331507516387
636 3 4 145 65 6.31598988898 1.54775313497
637 1 3 145 75 7.1166201164 -7.22956298513
638 2 4 145 85 7.50736011693 2.24678522341
639 2 4 145 95 9.86316659271 8.39225319251
640 1 5 145 105 -9.13084903001 6.90215852641
641 2 3 145 115 8.31143767632 -6.06065515593
642 1 4 145 125 5.13123123778 2.64931702488
643 1 2 145 135 -2.59584406147 -0.39332960715
644 1 5 145 145 -6.7184082546 -3.77677547063
645 1 2 145 155 -4.89599653642 5.17984401192
646 1 1 145 165 5.41740403298 3.39254168691
647 2 2 145 175 -0.527462300034 -8.95736749355
648 3 1 145 185 -9.86671647839 -7.68393500145
649 1 1 145 195 9.87989205317 6.87204245404
650 1 1 145 205 -4.77122637519 3.64580757444
651 1 4 145 215 4.03760980093 -6.66447449409
652 3 3 145 225 -5.66423608782 -3.52747964353
653 3 5 145 235 -5.51554892359 -7.25825959775
654 3 1 145 245 9.79726408945 4.08873823821
655 1 3 145 255 -9.36113605708 -6.83616317268
656 3 1 145 265 1.02776024703 -3.86081314547
657 3 4 145 275 -3.41816856964 -6.4572931968
658 3 4 145 285 -0.298794654029 -5.70078199
659 3 4 145 295 -1.68571807778 6.2828138524
660 1 3 145 305 -8.74597661424 -3.25049323907
661 1 3 145 315 4.46469214896 6.87322194021
662 2 4 145 325 8.75821560884 0.355560490276
663 2 2 145 335 9.25061091489 4.9419686608
664 3 4 145 345 2.28275894544 -1.40139528813
665 2 5 145 355 5.19054257989 -3.07425928111
666 1 1 145 365 -4.74042488157 6.84040139832
667 3 4 145 375 6.77250805703 -5.195405059
668 2 4 145 385 0.876999701727 5.89972271346
669 3 2 145 395 8.36654611711 5.50430457301
670 3 5 145 405 -4.94480615863 -7.82527072122
671 1 4 145 415 -2.28424725281 -9.87995702276
672 1 5 145 425 1.17784844324 -5.79374819907
673 2 1 145 435 -6.26966182168 6.66039355525
674 3 3 145 445 0.0994873188549 4.07700088204
675 2 5 155 5 -6.35734229854 8.7879413713
676 1 5 155 15 -1.59552289066 8.14268162708
677 1 3 155 25 1.19105140359 0.132545415027
678 3 4 155 35 -6.92189095704 4.22604855018
679 3 4 155 45 2.56139465086 -2.54934292056
680 2 5 155 55 -5.91217083863 0.290332294182
681 1 5 155 65 -0.539207574323 -1.01102816885
682 2 1 155 75 2.50992489523 -2.45384940158
683 1 3 155 85 -3.18474816717 -6.90458358586
684 3 5 155 95 -5.6158008446 9.03264831318
685 2 1 155 105 -1.54069613221 7.49795789505
686 1 2 155 115 3.60617805334 -4.16344798059
687 3 5 155 125 2.13749499544 -9.42956736528
688 2 3 155 135 5.40900956959 -6.81000176755
689 3 5 155 145 5.33289281538 2.24104614166
690 1 2 155 155 -6.07284665081 -4.91287087046
691 1 2 155 165 -3.01641034138 -7.06405692603
692 3 4 155 175 -0.663131037298 -4.82786389408
693 3 2 155 185 8.99596575877 -1.2848122219
694 2 4 155 195 9.93061153672 0.147602474967
695 3 4 155 205 -2.00912592436 -6.29381350047
696 2 3 155 215 -6.60955071542 8.76848881677
697 1 4 155 225 -9.59597969898 -8.6687304051
698 1 1 155 235 5.26009551556 6.46244522046
699 1 5 155 245 -5.90228425794 4.71122979762
700 2 3 155 255 1.38246985106 4.92121745431
701 1 2 155 265 6.34369090543 -6.38132016179
702 1 4 155 275 4.79053575822 -5.47969922143
703 3 1 155 285 -4.65791624451 0.856549528506
704 2 4 155 295 4.15087543986 8.98178478219
705 1 2 155 305 -5.50054824003 -6.90889152185
706 1 2 155 315 0.122761977198 2.8174731058
707 2 5 155 325 5.67546401488 9.71658536816
708 2 2 155 335 5.35589445356 8.73098348717
709 3 2 155 345 -3.54367774431 -8.2976540703
710 1 2 155 355 -2.85925538472 -6.57552883454
711 2 4 155 365 7.56335366677 -6.71887934888
712 3 5 155 375 5.09118276361 7.85477180527
713 1 4 155 385 -7.74203581947 7.26198415759
714 3 4 155 395 -2.01609203407 8.854092227
715 2 2 155 405 -7.45267065466 -9.39374783196
716 2 3 155 415 4.69781794585 3.35138280456
717 2 1 155 425 -5.36182661604 -5.67521371419
718 2 4 155 435 9.33956396453 -4.52870749801
719 1 2 155 445 3.27930563777 -5.41112393105
720 2 1 165 5 3.44251139937 -7.789867734
721 2 5 165 15 8.22980016994 -7.68561811277
722 3 1 165 25 -9.25309023849 7.57630001396
723 1 1 165 35 -6.71023623982 -7.31968783815
724 2 5 165 45 -2.55084274563 2.49002463524
725 1 4 165 55 -7.86338544607 -0.286313451569
726 2 2 165 65 8.80459063539 4.44765219164
727 2 3 165 75 -4.34548760448 -9.39082856746
728 3 5 165 85 -1.3571263995 8.6797858829
729 1 4 165 95 -2.13530837094 5.48478357949
730 3 4 165 105 4.19059033535 9.44765426863
731 1 1 165 115 -4.86998002588 -7.90125341254
732 2 5 165 125 -9.1723906995 -7.32570230219
733 1 1 165 135 4.83547534805 -2.60873378708
734 1 2 165 145 4.77414564147 7.65089852821
735 3 4 165 155 -8.8166201409 -3.79884165262
736 2 1 165 165 -2.28776551863 6.25826402873
737 3 3 165 175 1.12585119955 -8.47946076723
738 1 4 165 185 -2.35318337717 -5.91642247935
739 1 1 165 195 -8.65639438942 7.29279999277
740 1 3 165 205 -3.48645302863 -7.63663496838
741 2 3 165 215 -0.928678323043 -9.29358206572
742 3 2 165 225 1.26923801817 0.370486580745
743 3 2 165 235 -5.21675492531 2.80580672403
744 2 3 165 245 8.35375824087 -4.00416424921
745 1 1 165 255 2.43823829204 -2.33069824331
746 1 5 165 265 0.78596220108 5.74736244139
747 1 4 165 275 -3.58872213164 -1.09161210726
748 2 5 165 285 -2.90037096337 0.412095614136
749 1 2 165 295 7.82857812765 5.80237599918
750 2 4 165 305 4.70573074815 -0.986014187734
751 1 2 165 315 -4.9772866385 8.49032810152
752 3 4 165 325 2.29577242329 -1.25182115374
753 1 4 165 335 0.738447150503 5.26751866929
754 1 2 165 345 3.77813130844 1.84324316581
755 1 2 165 355 -8.12388050756 -9.59863082408
756 3 3 165 365 -1.99835749367 3.82906586963
757 2 1 165 375 4.25643188326 -5.02304698912
758 3 4 165 385 -8.15310845958 2.43045382168
759 2 1 165 395 -8.58096059761 8.91087191408
760 2 5 165 405 4.74316435756 3.83109450186
761 3 1 165 415 -8.13837161217 1.80454016023
762 3 2 165 425 9.96406268608 7.85886785864
763 3 5 165 435 7.29004704162 -5.69702088284
764 3 4 165 445 -2.11130241834 -8.87633078355
765 2 1 175 5 5.76191192256 -0.946277458448
766 3 4 175 15 8.90122189006 6.38347531219
767 1 3 175 25 -6.17522549255 0.204954728917
768 2 5 175 35 -9.54468539704 -1.0464080331
769 2 1 175 45 7.64345042618 9.21339417501
770 1 2 175 55 2.51444921423 -5.14369465826
771 3 5 175 65 4.55872621762 6.63572789813
772 2 4 175 75 -6.65574191237 7.65315042576
773 1 5 175 85 -0.199671594594 -3.71297354126
774 2 5 175 95 4.56131127883 -6.728283076
775 3 3 175 105 -9.60289472158 7.77601720869
776 1 1 175 115 6.7003468349 -3.87466730439
777 3 2 175 125 -5.87667424113 -8.56249036839
778 3 1 175 135 -8.4835482585 -5.92594728649
779 3 5 175 145 6.03447848904 7.87953148384
780 2 5 175 155 -3.49835662069 -4.5862122338
781 2 4 175 165 -5.02149335708 -1.37079678395
782 3 3 175 175 5.10928372541 -1.98245906941
783 1 2 175 185 -1.85971359571 -4.68118441711
784 3 4 175 195 1.80205502501 -6.02617855635
785 2 3 175 205 -9.31134247527 -6.66151294751
786 2 3 175 215 4.02712475538 6.3263380813
787 3 5 175 225 -2.48112265472 7.8053421328
788 2 1 175 235 -4.29803576678 -4.22483456233
789 1 5 175 245 0.172785896881 2.944013183
790 3 5 175 255 3.15290980975 2.82112522015
791 3 3 175 265 -1.15229360503 5.0819212489
792 1 5 175 275 2.60954878132 -2.57247258458
793 1 1 175 285 -1.67032743885 5.65407876373
794 2 5 175 295 7.71352892304 3.61475979661
795 2 4 175 305 2.81947164145 -0.983668518927
796 3 5 175 315 9.15059776654 -8.00729723041
797 1 2 175 325 3.84258925935 -0.139831130344
798 2 2 175 335 -0.557998292286 6.48421519623
799 1 1 175 345 -2.98969221428 8.29831968615
800 2 4 175 355 -5.71184572763 -0.835165052657
801 1 1 175 365 -8.0081355155 1.29840366585
802 2 3 175 375 -8.11455461594 -7.1492088829
803 2 5 175 385 8.21109908235 -5.39320381146
804 2 4 175 395 1.30994910682 4.12181335231
805 2 1 175 405 4.73168328692 5.88605014237
806 3 3 175 415 1.84694921014 4.40969777294
807 1 5 175 425 -8.70445579915 6.20700562103
808 3 1 175 435 5.69711932471 -7.29528296442
809 2 5 175 445 0.0280413475056 -1.99376558748
810 1 1 185 5 -4.86746225029 -4.53025991471
811 1 4 185 15 0.100301868406 0.175861990672
812 3 2 185 25 7.02717321531 5.77201206789
813 2 4 185 35 8.48845400576 -4.38804811383
814 3 1 185 45 -3.38134227179 8.59885309039
815 2 1 185 55 -3.98641181072 -4.43250290937
816 2 1 185 65 -1.68183388625 7.77852102247
817 2 5 185 75 -2.67683980505 -2.99644528224
818 2 4 185 85 6.13472854903 4.53320584847
819 3 4 185 95 -6.81115671246 8.19328708415
820 1 5 185 105 2.61760229646 1.66196666034
821 1 4 185 115 -4.03157257315 3.50956460981
822 3 2 185 125 8.53291548133 7.80329798287
823 3 2 185 135 -6.70338176987 0.280440009
824 3 3 185 145 8.13850861926 3.38652513966
825 2 4 185 155 -3.60541733762 -1.38502798091
826 1 2 185 165 9.1053412703 5.21162320312
827 3 3 185 175 0.0971443153738 -5.84181196938
828 2 3 185 185 3.77498871754 -2.10040195947
829 3 3 185 195 0.695630414867 -5.93446494104
830 3 3 185 205 5.22721951003 2.38414647787
831 3 5 185 215 7.67004120025 -7.11865308785
832 3 3 185 225 -8.43232410087 -2.93237500939
833 3 5 185 235 8.20772611523 8.72080047486
834 3 4 185 245 -3.72121102421 2.36662716221
835 3 2 185 255 -3.84277103801 -3.84005549489
836 3 2 185 265 -7.35454662288 -2.51159814138
837 3 3 185 275 -8.86429782928 -8.90326178043
838 1 5 185 285 -2.68106203272 9.12270595621
839 2 1 185 295 3.60866184401 7.90728350156
840 3 5 185 305 5.80652016699 -7.23530004519
841 3 1 185 315 -4.08151178735 -3.06972572176
842 2 4 185 325 5.86811941574 -7.86690545729
843 3 5 185 335 5.55228296462 -8.99675385282
844 3 5 185 345 2.31617465816 -4.4990107506
845 3 3 185 355 8.57909913719 -6.2211708144
846 1 2 185 365 4.3681544686 4.19489964137
847 2 3 185 375 -4.32122859246 -2.76498867041
848 3 4 185 385 -2.91311975375 5.61484697721
849 2 5 185 395 3.20442983043 8.78742482404
850 2 2 185 405 2.20535074723 -4.2426121355
851 1 5 185 415 2.4575953355 5.98196265828
852 3 3 185 425 -2.93637193897 3.2261707721
853 2 1 185 435 -5.3408830144 -5.48254560635
854 1 4 185 445 -3.13184164194 1.89737125761
855 1 4 195 5 -8.25847140401 1.6320402584
856 2 2 195 15 6.7834851223 -9.91612182514
857 2 4 195 25 -6.30501296397 -8.76455331297
858 2 4 195 35 6.56686748934 0.0328222349595
859 2 3 195 45 9.52618872375 4.84510667985
860 2 4 195 55 -1.23126025365 6.03898863298
861 3 2 195 65 7.61700230562 6.86832564589
862 3 4 195 75 -1.74483982863 9.87999431761
863 3 3 195 85 -9.14632197923 9.2604889351
864 3 1 195 95 0.172346296429 4.72531172173
865 1 1 195 105 -2.83904817484 6.75242434038
866 2 4 195 115 0.972493698689 3.81482441047
867 3 4 195 125 3.44763527619 -5.6798532178
868 3 1 195 135 5.84419001495 5.07146700141
869 3 1 195 145 -1.52157511596 2.99080264604
870 2 1 195 155 -5.237455146 2.87782443345
871 1 5 195 165 5.91738414603 3.97603815446
872 2 5 195 175 3.33214682042 4.67813489768
873 2 5 195 185 -4.64537707962 -1.94769011303
874 1 2 195 195 -2.7784079811 9.69709670465
875 1 2 195 205 9.91106853343 3.68015270905
876 2 5 195 215 4.76450235431 -0.100233486558
877 2 3 195 225 5.14687569748 -3.08287307148
878 2 4 195 235 -7.89328701824 -2.55278035277
879 3 2 195 245 6.54845258532 8.25195034725
880 2 3 195 255 -0.204689323803 -9.16957812084
881 2 5 195 265 6.54804048014 -6.42684280032
882 1 4 195 275 -1.53334966371 -6.54499216787
883 2 2 195 285 6.95387122567 0.203573147557
884 2 1 195 295 2.37923472132 0.348559997391
885 2 4 195 305 -5.47452724832 -4.19370430668
886 2 1 195 315 -2.50781647995 8.92165346228
887 2 2 195 325 8.76488174575 -7.05529507048
888 1 1 195 335 9.61318747897 8.50672139509
889 1 1 195 345 4.79207734271 -5.61303527609
890 1 2 195 355 -2.65903096413 9.36058812937
891 3 1 195 365 -0.309332742992 -4.1431484254
892 2 2 195 375 2.0167564989 8.8585054825
893 1 3 195 385 7.92241162586 0.657677635718
894 2 4 195 395 -8.70045023505 -5.77276354972
895 2 1 195 405 -6.8804170009 3.09332685015
896 1 2 195 415 -1.0477784545 4.06241325391
897 1 1 195 425 1.12917096083 -1.26664197288
898 2 2 195 435 5.98350187889 3.99816750733
899 1 1 195 445 -0.750285755885 -7.3933588393
900 2 3 205 5 -7.85402817059 -5.97171983967
901 3 5 205 15 -6.28835362628 -8.90733610082
902 1 4 205 25 -8.76674787477 7.8835633294
903 3 3 205 35 -1.14221748007 7.71900130928
904 3 4 205 45 -8.50503083535 7.99085092319
905 3 5 205 55 6.45375709127 -0.0255002876419
906 2 3 205 65 0.244273455243 -0.984560739659
907 1 4 205 75 -7.78273722438 2.35477911672
908 2 4 205 85 -5.80136823307 1.13199289946
909 2 3 205 95 2.89640036775 -8.95890567241
910 1 1 205 105 -2.99188442371 0.437530070353
911 2 4 205 115 -2.44380006063 -1.07239809457
912 3 4 205 125 -1.83205815066 5.21511038904
913 3 1 205 135 4.30144977355 -4.02294068802
914 1 5 205 145 -1.40775800465 -9.57566455071
915 1 4 205 155 -7.08161270127 -4.28924548092
916 1 4 205 165 -1.24750906462 -6.55077457652
917 1 4 205 175 -1.7254941741 9.00663410195
918 2 2 205 185 2.73209050024 -2.34485467197
919 2 4 205 195 -4.66028557345 -4.60316992797
920 3 2 205 205 7.47874312381 5.89430290402
921 3 2 205 215 -0.213541496757 -3.53313227687
922 1 1 205 225 -7.95257996201 3.30949638488
923 2 1 205 235 7.86110504744 9.8075624864
924 1 4 205 245 4.6623156143 -1.21520931298
925 2 2 205 255 4.94482993621 0.663928537936
926 2 5 205 265 -8.36204704307 0.72228171851
927 1 2 205 275 -3.95324099559 -1.03286679306
928 2 1 205 285 -5.47663178594 -5.64562623302
929 2 1 205 295 -7.04125366717 2.4824090088
930 2 4 205 305 0.897307163992 -9.06549869161
931 2 3 205 315 -2.77853912716 -9.78511100691
932 3 4 205 325 -5.1660213585 6.14128917906
933 2 1 205 335 2.42078483556 1.20601401123
934 1 3 205 345 -7.87506748735 4.83117917858
935 3 3 205 355 8.11456186015 -1.6977498821
936 1 1 205 365 -1.26359044593 -4.72162867068
937 2 3 205 375 -0.246763951481 6.70980066045
938 3 1 205 385 2.66558653582 -0.0251945872213
939 1 4 205 395 2.99944660514 -2.49631619096
940 1 3 205 405 1.7813896623 2.11282570297
941 3 1 205 415 6.91071429808 -1.29084829341
942 2 3 205 425 -3.2973273318 -8.68279574946
943 2 2 205 435 3.53060391759 -9.14015830857
944 1 5 205 445 9.27727225662 4.06488587484
945 1 3 215 5 -7.5913810906 9.77616338779
946 1 2 215 15 4.00690685746 4.75645003639
947 3 2 215 25 3.33300940396 8.97180391398
948 2 4 215 35 3.40728663909 -2.44839296322
949 2 1 215 45 -0.208844025827 -1.32587473489
950 2 1 215 55 -4.47913231281 6.20954680383
951 2 2 215 65 3.79961234934 9.79657547887
952 3 4 215 75 2.37536888065 -4.49755197516
953 3 1 215 85 1.74890885273 -8.04846612416
954 1 3 215 95 -1.31669931036 -4.41954283086
955 2 4 215 105 0.545897218796 -6.88008821187
956 3 4 215 115 1.03304337227 3.80762799789
957 3 1 215 125 1.5336087275 0.179808512329
958 2 5 215 135 -5.76205795668 1.40513479457
959 2 3 215 145 0.389601699104 8.7108996286
960 2 3 215 155 7.93756297272 -2.75049194115
961 2 5 215 165 5.11021086086 -7.46375118255
962 3 3 215 175 -3.02961004496 -7.43399219763
963 3 1 215 185 -9.16419180573 5.85779100089
964 3 2 215 195 4.34045837108 -6.22467276803
965 2 5 215 205 -8.8352815944 -2.42331361514
966 1 2 215 215 -8.19230226013 2.10819644676
967 1 4 215 225 -2.72221073761 -2.60409731437
968 1 5 215 235 2.17337664205 -6.0583166727
969 2 5 215 245 8.6011704815 -7.53571884905
970 1 5 215 255 -1.3585590659 1.79126687597
971 1 2 215 265 4.67595945945 9.27097649942
972 2 2 215 275 -7.91627535649 -2.23190076317
973 1 2 215 285 -8.57766170127 7.59098574666
974 3 3 215 295 -9.52551382613 8.35896483851
975 1 3 215 305 -0.00462880747796 -8.7039926483
976 3 5 215 315 0.349748593713 -4.75274396927
977 1 1 215 325 -3.26232498443 -5.73527271751
978 3 2 215 335 1.95686012752 -5.12641074623
979 2 1 215 345 -5.4527913068 5.28612774803
980 2 1 215 355 5.90732325141 0.297680071861
981 1 2 215 365 1.29305279498 0.724518400679
982 2 5 215 375 9.71223666966 2.70173441178
983 3 2 215 385 1.24073887785 2.19712241931
984 1 4 215 395 1.52928708038 -0.108041769593
985 3 5 215 405 7.66799438128 -6.27049137181
986 2 3 215 415 9.85726544505 -9.61608878317
987 1 3 215 425 8.47045607475 -0.915102588841
988 2 5 215 435 6.2081965741 -2.04296091602
989 2 4 215 445 4.58361409337 5.4067800031
990 3 4 225 5 -4.6118895672 -9.25962295015
991 1 2 225 15 -4.65490628842 6.70858158665
992 1 4 225 25 9.42790096187 -6.34409598422
993 3 5 225 35 -2.92524844909 -1.99122957365
994 2 1 225 45 5.01721910855 3.71150634273
995 2 1 225 55 -7.08608699843 1.75523348104
996 3 5 225 65 -8.45815993899 0.501140260033
997 2 5 225 75 6.24232403385 8.7663278199
998 2 2 225 85 -4.31073181499 -9.68277716468
999 2 4 225 95 -4.89525629517 -0.691729030883
1000 2 4 225 105 2.06126038001 5.79712153462
1001 1 1 225 115 3.31452399203 1.7534963379
1002 2 4 225 125 -6.38722367932 2.40094611485
1003 1 1 225 135 -9.25523068838 8.87256494461
1004 1 4 225 145 -2.50798936244 -8.41729753655
1005 3 4 225 155 5.59213472078 9.93706307133
1006 1 3 225 165 4.23782949721 -9.23872376557
1007 1 1 225 175 6.79026435049 0.907122159659
1008 2 3 225 185 -1.66397153301 -5.13486341276
1009 3 2 225 195 -6.47008170989 -0.477064219777
1010 3 5 225 205 -6.07037425733 5.1812066154
1011 2 5 225 215 1.80842847728 -3.20722994707
1012 2 2 225 225 6.16829997076 0.265146485373
1013 2 1 225 235 9.25639268648 2.87959032473
1014 3 1 225 245 -1.61250918904 6.08521327498
1015 1 1 225 255 2.77511668356 1.73946195119
1016 3 1 225 265 4.4803154269 -3.99578731936
1017 1 4 225 275 -7.26730604276 -2.67629059672
1018 2 4 225 285 -9.85873090454 7.8460385996
1019 2 3 225 295 -9.15376492231 -6.09326180674
1020 1 3 225 305 -7.22876779917 5.03910807463
1021 3 5 225 315 -6.22070363317 7.74992569315
1022 2 1 225 325 5.38230423864 -6.71351961693
1023 3 3 225 335 -7.18061390165 7.80572060768
1024 1 3 225 345 0.123599592719 9.64117714432
1025 1 2 225 355 -5.00266757577 -6.19716807229
1026 2 2 225 365 -9.7544997237 -2.60877823486
1027 1 2 225 375 8.91178856292 9.89117091472
1028 3 1 225 385 -3.28612240956 -3.2695355366
1029 1 4 225 395 4.64044198671 -4.14630572731
1030 3 2 225 405 6.56041728057 0.0320654068984
1031 3 5 225 415 3.03511966023 9.91997665347
1032 2 3 225 425 -0.835145444568 -0.132180812778
1033 2 5 225 435 6.46919416743 9.73632270643
1034 2 3 225 445 -0.0149571805257 1.96299292076
1035 3 3 235 5 -7.57179573135 1.75906630989
1036 1 2 235 15 -9.49837339375 -3.5903004087
1037 2 5 235 25 -4.51350692999 8.1251724914
1038 3 4 235 35 -5.47020714233 7.17418144433
1039 2 3 235 45 0.358379030862 -0.809269302796
1040 3 5 235 55 8.20954891861 4.67713374376
1041 1 5 235 65 -3.97904824294 -6.10794954529
1042 3 3 235 75 0.753777715433 -7.66741567318
1043 1 1 235 85 3.17861851572 8.44664116004
1044 3 2 235 95 -0.524730082539 -2.70110913156
1045 3 2 235 105 -0.195848962021 6.73103346678
1046 2 2 235 115 -1.24971286272 -6.40902823023
1047 1 3 235 125 -0.700318969186 1.54806300784
1048 3 4 235 135 4.76207074856 2.89764537184
1049 2 1 235 145 -3.1139712134 7.52297874698
1050 1 1 235 155 3.52031910019 3.83145808684
1051 1 2 235 165 -4.97783521298 -7.32090461438
1052 1 1 235 175 9.23110821515 8.93926458484
1053 1 1 235 185 -4.97228297951 -6.16657641205
1054 2 1 235 195 4.34684760524 -1.60866162662
1055 1 3 235 205 -1.04523273692 3.00820411814
1056 3 3 235 215 6.73760464072 0.869942764574
1057 3 3 235 225 -8.77176455815 0.307058660263
1058 3 1 235 235 9.24000024138 -8.31915910331
1059 1 3 235 245 -7.49489604628 -9.90084903379
1060 2 2 235 255 -5.36195906563 -4.20163475954
1061 1 3 235 265 -1.67954766601 9.66194849578
1062 3 5 235 275 4.98256826497 5.81109794066
1063 1 1 235 285 -8.86083033205 0.99924516207
1064 1 1 235 295 5.46331982589 -4.71401372291
1065 1 3 235 305 8.51591199557 2.41697395149
1066 2 2 235 315 -6.98274302068 -7.19507153656
1067 2 3 235 325 4.87087723795 4.58656316368
1068 3 4 235 335 -7.95802537058 4.15181254236
1069 1 5 235 345 -0.690752634614 5.95104373277
1070 2 4 235 355 6.93368715349 7.35099489806
1071 1 5 235 365 -0.31153074416 -8.85491564325
1072 3 2 235 375 3.82685308229 -2.41234448441
1073 1 3 235 385 4.630587116 -8.03803856049
1074 1 4 235 395 6.57882671731 1.14134443347
1075 1 5 235 405 9.33949829124 1.12688229628
1076 2 1 235 415 7.41819714191 0.778606128754
1077 1 4 235 425 -8.26905789961 1.25951464926
1078 2 2 235 435 8.4855098841 -4.68412802867
1079 2 3 235 445 3.45804811609 -1.10654984229
1080 2 3 245 5 5.50760288508 6.55153243933
1081 1 3 245 15 7.45303134687 -2.48584589565
1082 1 2 245 25 -5.16098036848 7.49379900552
1083 3 2 245 35 -8.67646435477 0.110813317826
1084 2 2 245 45 4.05026117053 0.475101737474
1085 3 2 245 55 -8.92984038472 1.39838392487
1086 1 2 245 65 -8.58535884473 4.37415138546
1087 1 5 245 75 -9.2800970514 0.202205830999
1088 2 3 245 85 -7.04708896416 3.7755707809
1089 1 1 245 95 -9.67776598042 -4.34304330031
1090 2 3 245 105 7.50710384215 8.02956907405
1091 3 3 245 115 -3.48393820425 5.04818551199
1092 3 3 245 125 -3.84065634608 -8.97180174779
1093 2 2 245 135 -1.78149145582 1.6169673669
1094 3 3 245 145 -8.75277138915 8.54400715195
1095 2 1 245 155 -4.77958980894 4.7385384144
1096 3 4 245 165 3.57248196111 -8.16027052943
1097 1 4 245 175 3.59405849737 7.59642975676
1098 2 1 245 185 7.51931968566 0.691081976434
1099 3 2 245 195 -4.31867234073 7.76536350661
1100 2 4 245 205 -1.56768839344 -3.77337312952
1101 3 2 245 215 -2.6876880432 -3.58664828292
1102 2 1 245 225 8.4020088125 -1.5229253107
1103 1 4 245 235 2.85017506633 3.45098083807
1104 2 5 245 245 -8.65017208653 -5.28900258721
1105 1 1 245 255 -2.82273721663 4.1380940119
1106 3 2 245 265 -9.14208444329 -3.90011547171
1107 1 4 245 275 -4.40914902881 -0.789801463834
1108 1 4 245 285 4.98684637119 5.15342633796
1109 3 3 245 295 1.5768631083 7.60166891086
1110 2 5 245 305 -0.504202952601 -4.52358614117
1111 1 2 245 315 -9.63679553762 4.40281513249
1112 1 2 245 325 -6.68698152478 -0.495681517443
1113 1 3 245 335 5.88087713635 -3.43880021785
1114 1 5 245 345 -2.98133500351 -0.316300469293
1115 2 3 245 355 4.32168918881 -8.91860114238
1116 2 3 245 365 -7.85502348809 -2.25008610584
1117 1 5 245 375 -2.15975152529 -3.6678447731
1118 3 2 245 385 -0.528196603062 2.68174653989
1119 2 5 245 395 3.89530232601 5.24822258109
1120 3 4 245 405 5.39227725676 1.93370399331
1121 1 5 245 415 9.16897585905 -5.67045265259
1122 2 3 245 425 -2.54615339008 -6.54022850349
1123 3 3 245 435 -5.13820714223 7.59437666177
1124 3 4 245 445 1.85104392506 -9.48922795619
1125 3 3 255 5 7.24383615634 -7.77315040057
1126 3 4 255 15 -2.14225978134 -6.14016830692
1127 1 3 255 25 9.50383095477 -0.412759406906
1128 2 4 255 35 -4.89050346442 1.95175974519
1129 2 5 255 45 5.54756180623 8.19367929807
1130 3 1 255 55 5.51283179064 -0.2561695754
1131 1 3 255 65 9.19029395899 -9.92527221599
1132 2 2 255 75 7.2382367486 -4.34778789591
1133 3 2 255 85 -1.78464761518 3.74950698123
1134 1 1 255 95 -3.17322953127 -3.11356569171
1135 1 1 255 105 -0.942461024773 -1.18706504613
1136 1 2 255 115 -0.416690374523 1.4272860517
1137 1 2 255 125 -9.50458103591 -7.86925215927
1138 1 1 255 135 4.37943788774 -4.15881148613
1139 1 4 255 145 -5.19389040768 7.36843950797
1140 1 3 255 155 9.37892944871 1.97157144054
1141 3 3 255 165 7.43970272453 7.19323404526
1142 1 3 255 175 2.19478928661 -1.24372187782
1143 3 2 255 185 -1.03513840615 -6.93256780285
1144 2 4 255 195 2.3713510614 2.20826776988
1145 1 2 255 205 7.38361985301 8.70658596474
1146 3 2 255 215 -6.39582655269 -5.60099100372
1147 3 5 255 225 0.956473389119 -5.16438684246
1148 1 1 255 235 -9.03757066609 -1.73384937856
1149 1 3 255 245 9.89099142215 -9.57102753282
1150 3 2 255 255 -5.94682713274 7.03633187179
1151 1 1 255 265 9.43096412409 2.26661670636
1152 2 1 255 275 2.94750246983 -5.76611426642
1153 3 2 255 285 -3.62478784342 -0.62821062423
1154 3 1 255 295 -5.7078213768 -5.62306797433
1155 1 1 255 305 -6.32438742921 -4.88247298993
1156 1 1 255 315 7.95908330873 -4.07793881247
1157 1 2 255 325 -0.216672701573 2.28939653208
1158 2 1 255 335 4.41733666379 5.89391066069
1159 2 3 255 345 5.07956624737 9.37563719061
1160 3 2 255 355 9.87492082108 -0.551206927656
1161 3 1 255 365 7.62022795792 -6.89307968216
1162 3 4 255 375 2.20055296174 9.56800542551
1163 1 1 255 385 -7.31077661971 8.41003515855
1164 3 1 255 395 -0.81392878169 -0.515441280302
1165 3 5 255 405 -8.37686266155 -0.253523564139
1166 1 5 255 415 8.25166418472 -1.21723657828
1167 1 3 255 425 -1.5295661791 -9.92840354261
1168 2 4 255 435 2.61032669083 -7.08049707127
1169 3 1 255 445 9.60887847937 0.926840543903
1170 2 2 265 5 -9.90244910958 7.73387071956
1171 3 3 265 15 -0.0313009270062 -7.21506867309
1172 2 4 265 25 -4.00743861237 9.01450414738
1173 1 1 265 35 -2.37405296584 -0.383569656868
1174 1 1 265 45 -2.04321240274 8.95450536223
1175 3 5 265 55 -9.09210068071 -5.13162152826
1176 2 1 265 65 -2.3299143311 1.9132943502
1177 3 2 265 75 6.7191278585 5.99080243334
1178 3 2 265 85 -4.09705754548 2.96435060859
1179 2 5 265 95 7.38898266918 3.4196698522
1180 1 5 265 105 6.96078470344 4.24788853303
1181 3 5 265 115 -0.979249925046 2.99150268234
1182 1 5 265 125 -6.67592328149 0.690194082923
1183 2 1 265 135 -5.50341209602 -6.72857843492
1184 2 2 265 145 -7.43976074492 9.91104066773
1185 2 3 265 155 -4.27051367788 1.91217946834
1186 3 1 265 165 5.09294547594 4.90178052645
1187 1 5 265 175 6.77676047182 0.30571458684
1188 3 4 265 185 -8.51153060024 9.43897051779
1189 1 1 265 195 9.16815449637 -0.325149378928
1190 2 5 265 205 3.86036138434 0.0239643436843
1191 2 4 265 215 -3.45833894598 -0.961575905078
1192 3 4 265 225 -8.86165014368 0.703010627187
1193 1 5 265 235 -6.15319258664 3.97896982485
1194 1 2 265 245 4.38894967678 6.54387858922
1195 3 2 265 255 8.73644353612 -1.5931790534
1196 3 5 265 265 -0.300269800544 9.6959065518
1197 3 1 265 275 2.76137771251 3.10422044676
1198 1 1 265 285 5.68239030097 -8.40466437983
1199 2 5 265 295 -1.45739701205 3.8540199022
1200 3 4 265 305 2.66683108617 -4.83022612067
1201 1 2 265 315 -6.12773578487 -7.90036406218
1202 3 4 265 325 3.85300628222 7.49715944731
1203 1 4 265 335 -8.31471864145 1.61000394818
1204 1 3 265 345 1.74216212396 9.66734743875
1205 1 1 265 355 5.04956349095 -8.17256721819
1206 2 1 265 365 9.5949378824 2.37685083987
1207 2 5 265 375 -0.621588202126 -0.423547755097
1208 2 3 265 385 0.672145047558 7.79674018677
1209 2 3 265 395 3.84824646531 2.21983143601
1210 1 5 265 405 -1.19748845699 -2.99454016644
1211 3 5 265 415 8.75347633474 -3.63123315899
1212 1 3 265 425 1.48797153975 9.1591409231
1213 1 3 265 435 8.40034870454 5.23055495509
1214 2 3 265 445 -8.84501918846 -6.95841646122
1215 2 3 275 5 6.3975069254 -6.52072319757
1216 1 4 275 15 1.36583089882 -1.92932613375
1217 1 3 275 25 2.8003655672 -4.18791984238
1218 2 5 275 35 -4.61894333784 -4.52742142087
1219 3 4 275 45 3.14948329922 0.665041096042
1220 2 1 275 55 -3.63526155083 -9.99990822297
1221 1 5 275 65 -2.21041670847 3.47753933998
1222 3 1 275 75 8.14245698362 5.64752712337
1223 3 5 275 85 5.33101595063 5.19690674234
1224 3 4 275 95 -9.5642906864 -5.16597185693
1225 1 4 275 105 6.05921922024 -0.934828511558
1226 1 3 275 115 5.51238430036 0.142620534444
1227 3 1 275 125 3.26511347395 -7.98312585214
1228 1 3 275 135 4.08867815074 0.0523830212954
1229 1 4 275 145 -8.71706936343 -5.75929353285
1230 2 5 275 155 -0.708635628617 1.56027447999
1231 1 1 275 165 -2.09440340291 -9.78452628065
1232 1 2 275 175 -0.293822316287 7.34072261155
1233 1 2 275 185 6.31314213068 0.282937981272
1234 3 1 275 195 7.53552201446 2.32202967654
1235 3 3 275 205 -6.37773420165 8.5020020921
1236 2 1 275 215 -8.73423449144 -4.07126784964
1237 2 4 275 225 5.45004749296 -1.8114473639
1238 2 1 275 235 4.55031430686 -6.15523883338
1239 3 1 275 245 -8.45374285604 -0.216134137082
1240 1 2 275 255 4.76227647909 -9.8857729988
1241 3 1 275 265 1.77199731674 7.43915102334
1242 2 5 275 275 8.16417153181 -2.50054396695
1243 1 3 275 285 0.196781571127 3.36780014469
1244 3 3 275 295 3.89578673342 -6.44633217599
1245 2 2 275 305 -1.92060011728 3.85269703691
1246 2 2 275 315 -8.38912090009 8.73131153821
1247 1 4 275 325 -2.54222906447 5.24476542505
1248 1 5 275 335 3.31449184257 -3.83740321472
1249 2 4 275 345 0.24885657419 -5.8476450533
1250 3 5 275 355 2.82763236732 -0.667627531463
1251 3 2 275 365 -4.46675332981 -8.55833633731
1252 1 5 275 375 -8.75301224577 -0.914346799213
1253 2 5 275 385 2.26927422553 2.91737374898
1254 3 3 275 395 -4.27552561672 -1.95277537583
1255 3 1 275 405 -8.54546510633 -2.35472955286
1256 3 3 275 415 4.51332650646 -0.568845145544
1257 1 2 275 425 -3.45243567256 -0.440647069908
1258 2 5 275 435 -8.5430341267 -3.54384337491
1259 2 3 275 445 -6.73589778774 0.546066124796
1260 2 5 285 5 -9.44833642684 -5.52234270841
1261 3 5 285 15 -2.94832500807 2.36828826903
1262 1 1 285 25 -4.93080652592 -3.36326554665
1263 1 4 285 35 6.48868125295 8.07454899643
1264 3 2 285 45 8.85043655999 3.77459533611
1265 2 3 285 55 5.96962037896 1.91999829696
1266 2 2 285 65 7.05199438775 -4.84998169228
1267 2 3 285 75 -6.86905637927 -6.35933109271
1268 1 2 285 85 -1.59063800126 -5.38639867833
1269 1 3 285 95 -4.36373733487 -3.9626023916
1270 3 3 285 105 -9.50754182226 5.16220909036
1271 1 5 285 115 -3.79140446598 -9.65141947079
1272 2 3 285 125 -6.93900904614 6.02783750039
1273 2 2 285 135 2.55350746088 -6.12963292214
1274 2 1 285 145 1.11276931304 2.12308584333
1275 1 1 285 155 -0.410441626175 -2.39316359816
1276 1 1 285 165 0.957994215568 -2.59852283366
1277 2 2 285 175 0.418536481335 -4.88339546503
1278 3 2 285 185 7.03095206839 9.67730935244
1279 3 4 285 195 9.88795555079 0.251601984064
1280 1 2 285 205 4.3568611195 -2.32372628435
1281 2 1 285 215 -0.309136374411 1.33760937756
1282 2 4 285 225 -8.05367381813 8.66515711151
1283 3 4 285 235 4.86215495143 -0.186005780397
1284 1 2 285 245 2.79425422328 2.97660462199
1285 3 3 285 255 9.49317274213 -7.7697475093
1286 3 1 285 265 1.22238115318 -3.87140048114
1287 1 5 285 275 7.00387222958 -4.13725769901
1288 2 5 285 285 5.85852372199 -9.75886243207
1289 3 5 285 295 5.85429029431 9.08098632131
1290 3 3 285 305 9.01289065317 4.27713294983
1291 3 1 285 315 2.94909095106 -9.69240101834
1292 3 5 285 325 -5.54020673287 -1.96735627708
1293 3 1 285 335 -4.93381565002 -0.646715868618
1294 3 1 285 345 6.58653733346 -4.6141632954
1295 2 3 285 355 -8.59543145557 9.37145354874
1296 2 2 285 365 2.15812292519 2.08683991546
1297 3 4 285 375 -8.34962251673 0.417094073361
1298 3 2 285 385 6.20389915307 -0.0468775118379
1299 2 2 285 395 -0.881961216967 -1.0190773142
1300 2 3 285 405 -7.12823404323 5.14173150554
1301 3 2 285 415 8.92248428476 3.716775465
1302 2 5 285 425 4.4422829586 -0.855085206063
1303 1 4 285 435 8.51145315725 0.734903763412
1304 3 2 285 445 8.19492607148 -0.971053300388
1305 2 1 295 5 7.59669353826 -2.1226892293
1306 1 4 295 15 1.67469364194 7.0688585086
1307 2 3 295 25 -5.56502623173 -5.11227792943
1308 1 3 295 35 -2.98274356784 -4.1982760464
1309 3 5 295 45 -5.57433741795 -4.03618471749
1310 3 1 295 55 5.60872250936 -4.45304486375
1311 3 4 295 65 -3.29658563697 8.7903165112
1312 2 4 295 75 -8.36386573254 -7.36305394737
1313 2 2 295 85 7.78428754549 0.208977470782
1314 3 5 295 95 -9.82213173798 7.91096915311
1315 2 3 295 105 2.42416311458 9.76178739278
1316 3 4 295 115 -5.69007614266 5.19958460925
1317 3 3 295 125 -8.0859368303 -3.33037951907
1318 2 3 295 135 -6.32726086577 4.91385591
1319 1 5 295 145 5.4148826549 8.54718176031
1320 3 3 295 155 7.73754800963 6.80958759243
1321 3 5 295 165 -3.27051416515 -1.70208065239
1322 3 1 295 175 6.29491885904 7.14227921439
1323 1 1 295 185 4.71491708255 -4.57757993651
1324 1 2 295 195 -2.63236223095 -8.77059275598
1325 1 1 295 205 -3.81559286899 -6.00401320282
1326 2 1 295 215 -3.77296371644 0.867716999596
1327 2 2 295 225 0.101147633402 -8.01003630064
1328 3 1 295 235 6.54430541537 7.24410541107
1329 2 4 295 245 7.31071548418 8.14381059204
1330 3 3 295 255 3.36403522662 -0.937859478397
1331 1 2 295 265 1.3791162141 -5.53058971101
1332 1 4 295 275 -1.29553133424 -0.908420955367
1333 1 2 295 285 -1.55639644337 2.36040986597
1334 1 4 295 295 1.67338693377 -5.4795811228
1335 3 4 295 305 7.19207596233 3.42942386605
1336 2 4 295 315 1.42828900408 -8.40543026527
1337 3 3 295 325 8.70318260283 -7.15359712088
1338 2 5 295 335 5.87958151207 -8.77915799172
1339 1 1 295 345 -7.51031569251 6.9593445144
1340 2 2 295 355 9.41714124203 8.13797497829
1341 3 4 295 365 -4.58008881574 7.14067024658
1342 3 4 295 375 7.18733050547 8.29692823823
1343 3 1 295 385 4.34644310972 4.61640934866
1344 3 1 295 395 -2.91191317877 -1.22898637096
1345 3 3 295 405 4.31777206146 0.372247198544
1346 2 2 295 415 -7.46175788235 4.25013644181
1347 1 2 295 425 1.4287037059 -0.0534882003461
1348 2 5 295 435 0.846225647233 -0.0631780472427
1349 3 5 295 445 4.48025372131 7.1755195475
1350 1 4 305 5 1.00831645643 -0.95282413158
1351 3 1 305 15 -1.53548690874 9.82980946215
1352 3 2 305 25 4.25860924704 -6.87384518662
1353 3 4 305 35 -2.41244487174 -9.08781883758
1354 3 3 305 45 -2.54542638725 -2.8966425718
1355 2 3 305 55 4.32899435933 6.55228405988
1356 1 5 305 65 7.27951329088 -3.35433507957
1357 1 4 305 75 5.70744345789 8.56623085606
1358 1 2 305 85 -5.11116503034 -7.56600641647
1359 3 5 305 95 -4.02361097371 1.41504354266
1360 1 5 305 105 -6.56541918994 -6.08997323902
1361 2 2 305 115 -7.84824695212 6.50002749068
1362 2 2 305 125 7.05360311396 -0.288319957545
1363 2 3 305 135 5.41745759561 -2.43943261746
1364 3 1 305 145 6.70490625134 -9.54441978711
1365 2 5 305 155 -0.506983662545 7.62971965294
1366 2 4 305 165 -8.2102303435 -3.11882476287
1367 1 1 305 175 -5.89568300786 -5.0037411556
1368 1 5 305 185 -3.87265797327 7.68855198784
1369 2 4 305 195 -7.35344750165 -4.74071107001
1370 2 5 305 205 8.33280553747 4.45436299732
1371 1 3 305 215 5.65775487886 -0.132684010667
1372 1 3 305 225 3.06299091237 -1.01455435996
1373 1 4 305 235 -9.19104914982 3.94550259588
1374 1 1 305 245 -9.18609766347 -0.280894965472
1375 3 3 305 255 7.82903099018 -5.67783829378
1376 3 3 305 265 -4.90337420659 0.427145277873
1377 2 4 305 275 -5.71598677331 1.41183794593
1378 2 5 305 285 -0.896615038335 -1.50565197123
1379 3 5 305 295 7.3180727544 -2.2855073563
1380 2 5 305 305 3.84446877472 -8.52726819781
1381 3 3 305 315 7.73232690234 -4.13616786802
1382 1 1 305 325 -4.96816663122 6.78930746525
1383 2 1 305 335 3.84816930402 9.94707568522
1384 1 4 305 345 -0.284855960598 1.2092093653
1385 3 5 305 355 1.60150995611 -0.882187477189
1386 3 1 305 365 4.56017896303 2.71602441666
1387 1 5 305 375 -2.19922620915 0.278562325614
1388 3 1 305 385 7.41207193736 -6.10378217075
1389 2 1 305 395 0.668024674035 1.63808305571
1390 3 2 305 405 -3.26781801452 -7.15798890431
1391 2 4 305 415 -4.23687448909 7.81010957987
1392 1 4 305 425 -5.0445771394 -3.36534891832
1393 1 3 305 435 -6.02027464915 8.49624588179
1394 3 2 305 445 6.69449666587 0.0829555508514
1395 1 4 315 5 -6.31269351879 7.42237991536
1396 1 2 315 15 5.05916998122 5.98454495695
1397 1 5 315 25 1.33367718192 -8.68521953115
1398 2 2 315 35 -9.23648050504 3.03177643562
1399 1 2 315 45 2.02262064559 7.65127188072
1400 3 1 315 55 5.64726516785 0.0162957291427
1401 3 4 315 65 -1.23062597218 -7.67472606933
1402 1 3 315 75 0.506022733813 -8.08134435008
1403 2 3 315 85 3.29973446411 -7.70542700148
1404 3 4 315 95 -8.30772322723 8.4363172649
1405 2 3 315 105 -5.35890348662 3.66616387503
1406 2 5 315 115 -7.16237670755 0.869451370095
1407 3 5 315 125 2.6412662848 2.31836078246
1408 3 3 315 135 -0.696691432272 8.07441733482
1409 1 3 315 145 -8.61009556082 8.99487051466
1410 3 2 315 155 -7.54997128727 2.965496089
1411 2 1 315 165 5.46101877789 7.86367621384
1412 3 3 315 175 0.31642252262 1.96346862502
1413 1 3 315 185 4.33789873902 -6.55321106604
1414 2 5 315 195 6.92809364206 2.79666854799
1415 2 5 315 205 -8.21483119196 4.31497060532
1416 3 2 315 215 0.219296379793 3.46376051904
1417 2 5 315 225 9.39295552248 3.58741559432
1418 2 4 315 235 6.85266560381 6.01754337226
1419 2 5 315 245 -3.85763986435 -6.51912002964
1420 3 1 315 255 9.34409795448 -9.76941356365
1421 3 2 315 265 2.83055110217 4.19368776519
1422 3 1 315 275 -4.78039886489 1.02160503436
1423 3 1 315 285 1.45169770082 -1.52496217395
1424 1 2 315 295 -2.26576759724 -9.78410070318
1425 2 1 315 305 9.28184709031 -6.08652300634
1426 2 4 315 315 2.09090131087 4.71069455068
1427 1 4 315 325 8.3988359516 4.80642011532
1428 2 2 315 335 -9.15644766397 -2.58245124968
1429 1 5 315 345 2.4542153657 -4.68313190413
1430 3 2 315 355 -2.23264737116 -5.83758121844
1431 3 4 315 365 -4.45082875795 -7.04974252395
1432 3 5 315 375 5.44452734217 -6.29051990462
1433 1 3 315 385 -8.47951969641 0.370262586807
1434 2 4 315 395 2.3919365828 -3.78582188839
1435 2 3 315 405 -1.00202620582 8.16340014956
1436 1 2 315 415 -7.93139679195 5.33200562321
1437 2 1 315 425 3.74295937597 8.78922095004
1438 2 2 315 435 -0.972849570576 -3.32354905651
1439 2 2 315 445 -9.98418707417 -4.81663312541
1440 1 1 325 5 -1.70665826738 -0.682181415258
1441 2 5 325 15 9.71414400479 1.15255258039
1442 1 3 325 25 1.84341843169 -7.49517120748
1443 3 2 325 35 -6.2387890603 -3.77827191633
1444 3 5 325 45 -9.99194649108 -5.73317376352
1445 3 3 325 55 -9.56930090059 1.46306915397
1446 1 4 325 65 -2.01841641783 4.7460599453
1447 1 4 325 75 9.2722886695 3.31815387991
1448 1 5 325 85 7.86307720607 -5.91891822385
1449 3 3 325 95 7.25782694819 5.54190975433
1450 2 4 325 105 -2.22120033487 -8.46224495997
1451 3 4 325 115 1.24199212341 0.569740348737
1452 2 3 325 125 -6.89892518692 3.75372883757
1453 2 3 325 135 -7.13730425279 7.6525351373
1454 3 4 325 145 7.14680909078 -0.619976219549
1455 1 1 325 155 2.91745233268 -2.01285890883
1456 1 1 325 165 7.16634017931 7.35144442826
1457 1 4 325 175 0.888568354296 -7.39604756881
1458 2 3 325 185 -1.98097773273 2.52969601414
1459 3 3 325 195 3.67583612306 -9.56907878504
1460 2 3 325 205 6.32351388132 -3.42690608301
1461 1 4 325 215 0.746942632308 -6.88108697063
1462 3 2 325 225 -7.47284371121 -6.777185458
1463 2 2 325 235 5.83925572134 -4.05025304708
1464 1 4 325 245 -7.19070967747 5.68144549344
1465 3 3 325 255 3.08230448871 -8.1435508294
1466 3 2 325 265 1.3425434017 -3.29242974637
1467 1 4 325 275 3.71087106585 7.97949827461
1468 1 4 325 285 6.5112383754 -0.631268034062
1469 1 2 325 295 7.92763116319 -7.06427065761
1470 2 3 325 305 5.3988437592 8.13115101172
1471 2 1 325 315 -7.10975775146 -9.18795339754
1472 3 5 325 325 -1.07724695932 -0.316143505574
1473 2 2 325 335 3.26129600955 9.99653109754
1474 1 1 325 345 -4.79251716529 0.723592439107
1475 2 5 325 355 -5.94684291051 1.42293083612
1476 1 2 325 365 -1.33579654595 -1.67419364872
1477 2 4 325 375 -3.91748403869 3.64277735142
1478 3 1 325 385 1.00402878168 5.11691347515
1479 1 3 325 395 -9.47762296073 -2.71546403665
1480 2 2 325 405 9.30101757631 -9.40608453395
1481 1 1 325 415 -1.63010979172 6.50020720509
1482 1 1 325 425 5.19488272296 -9.62236428813
1483 1 4 325 435 0.736916508576 -6.94554344515
1484 1 5 325 445 -1.43477252081 3.76429855822
1485 1 5 335 5 5.57518981079 3.68066579228
1486 2 3 335 15 -2.42225793407 5.71928044653
1487 1 1 335 25 -8.50006922302 1.58063438045
1488 2 2 335 35 1.73816624212 7.5125180654
1489 2 4 335 45 1.77860599256 9.30278580327
1490 2 4 335 55 -7.1092048771 0.624800950829
1491 2 4 335 65 9.1439841739 0.91411014498
1492 2 3 335 75 -3.86926729006 7.24922424952
1493 2 3 335 85 8.53271310086 -2.51894994301
1494 1 5 335 95 1.54350397553 -0.741433043121
1495 1 2 335 105 9.13986631825 -2.54888395625
1496 1 3 335 115 -8.16071651152 -5.80265014208
1497 3 4 335 125 -8.70092810566 1.46381881085
1498 3 5 335 135 0.188270293772 3.03786111302
1499 2 3 335 145 1.48083068573 -7.49589701937
1500 3 4 335 155 4.05473347796 -3.07019227809
1501 3 1 335 165 3.99377886351 4.31041118905
1502 1 4 335 175 -0.777767877181 2.91361584901
1503 3 5 335 185 5.99008094779 1.28578300978
1504 1 1 335 195 0.125745345393 -8.61118667545
1505 3 1 335 205 7.83842636057 2.09193505116
1506 1 4 335 215 6.24064342156 6.83245922188
1507 3 2 335 225 -0.338306277755 9.6946482944
1508 3 1 335 235 1.23140681967 6.47050658441
1509 3 2 335 245 -7.42713276157 0.228072650998
1510 2 2 335 255 -7.77323222258 2.38749194643
1511 1 2 335 265 -9.21360175873 2.80855700557
1512 1 3 335 275 0.745703200533 7.5537483249
1513 3 4 335 285 5.06356248054 1.91454687776
1514 3 2 335 295 -0.698086871896 1.86072887013
1515 2 3 335 305 -3.13162298309 -0.259029323396
1516 2 3 335 315 2.8180642545 -2.93532871295
1517 2 3 335 325 1.68146057946 -1.08158303421
1518 2 1 335 335 6.89582135402 2.6854978635
1519 2 2 335 345 -0.926490294758 -6.83001971496
1520 2 5 335 355 -5.94991683531 -9.5594605926
1521 1 5 335 365 -6.52248488292 6.33628652016
1522 1 3 335 375 -7.73500256362 -3.53124732429
1523 3 3 335 385 1.70006050978 -7.05983885739
1524 1 3 335 395 -2.74918245164 2.44271948717
1525 3 2 335 405 7.37098321437 -5.67026300387
1526 2 2 335 415 -2.019865058 7.11287802857
1527 2 5 335 425 -8.38146382973 8.22651453887
1528 3 1 335 435 -6.23028941128 -9.08638404449
1529 3 3 335 445 -1.36291881917 5.21368419888
1530 1 1 345 5 8.93228318708 1.40371063179
1531 2 4 345 15 -5.29461239338 4.59603377867
1532 3 3 345 25 -6.85092095673 5.67375262561
1533 2 4 345 35 -5.22664509497 6.8516789454
1534 3 1 345 45 -5.92579829045 6.83655093984
1535 1 2 345 55 -7.77662942431 -7.73132936342
1536 1 2 345 65 -1.04048574534 8.44611985274
1537 2 3 345 75 2.50508988749 6.61583549632
1538 3 2 345 85 4.91652943327 -7.70602451003
1539 3 5 345 95 -5.40371403375 6.65462555393
1540 1 2 345 105 -1.46329084482 -4.9459261383
1541 1 4 345 115 -4.26270378468 5.38059971637
1542 2 5 345 125 -7.2184553633 2.84519180388
1543 2 5 345 135 8.98868154201 9.17467022788
1544 1 5 345 145 1.88328944825 7.44022243944
1545 2 3 345 155 -6.97058188006 -0.749907970346
1546 1 1 345 165 8.86837750634 2.45448684092
1547 2 3 345 175 5.04335339125 3.91135054673
1548 1 2 345 185 4.66592239505 -8.36682608104
1549 1 2 345 195 6.44616531712 -8.54918381453
1550 1 2 345 205 -1.20288974942 9.50141466095
1551 2 2 345 215 3.80002790685 0.758133680377
1552 2 4 345 225 3.31747447881 -4.18515510695
1553 2 3 345 235 -4.01904829366 -1.05360625841
1554 1 3 345 245 -6.21621962427 6.43636032225
1555 2 3 345 255 1.81560034587 -7.82229780231
1556 3 5 345 265 -4.56972278963 -1.86125234536
1557 3 5 345 275 7.76395231802 2.29166757073
1558 2 3 345 285 -8.79074621137 -3.18814529933
1559 1 1 345 295 -5.15972379629 5.85124001484
1560 2 1 345 305 7.59013027307 3.78213999367
1561 1 4 345 315 4.09771120359 8.86593650767
1562 1 4 345 325 -8.10412088021 7.27620821057
1563 3 3 345 335 -9.50660633876 -0.244328295261
1564 3 1 345 345 -6.86124745299 0.187083522312
1565 2 3 345 355 2.25307304625 -6.22921696708
1566 3 2 345 365 2.06056394853 8.78394942132
1567 1 1 345 375 -8.90005066643 3.63992231591
1568 2 3 345 385 -2.77938627205 -5.87837982234
1569 2 5 345 395 -8.0293571602 -0.754942062043
1570 3 3 345 405 3.00181570025 -4.9512977844
1571 3 5 345 415 -3.11979387354 5.98842301675
1572 2 2 345 425 2.39160696798 5.03017109248
1573 2 5 345 435 -2.01061249155 -1.43494491423
1574 2 4 345 445 2.10637768483 -2.29412744616
1575 3 3 355 5 4.16366739456 -4.84357249836
1576 3 1 355 15 8.44604251089 -9.12646921959
1577 3 5 355 25 2.68066514824 -0.966553838776
1578 3 5 355 35 -1.37529035138 -0.0175573233434
1579 3 1 355 45 -5.28312028856 7.29547536698
1580 2 1 355 55 4.61753775465 3.96299464626
1581 2 4 355 65 -6.7887683819 2.71757838256
1582 2 2 355 75 -9.02963341092 5.72550099486
1583 3 2 355 85 8.70814386615 -7.48211927304
1584 2 2 355 95 2.61589637004 3.26153216158
1585 1 5 355 105 -1.1868592786 -0.590046628521
1586 1 3 355 115 8.60862197579 3.99854977214
1587 2 3 355 125 -2.88412751797 -8.50364229203
1588 2 1 355 135 4.30492234658 -6.03257535887
1589 2 2 355 145 -4.52953328957 5.06899801856
1590 3 5 355 155 7.750526623 8.43304392173
1591 1 1 355 165 0.732798544782 -8.51548367153
1592 3 2 355 175 4.43441399973 -2.42228762499
1593 1 5 355 185 -4.72803418684 -3.79920279971
1594 2 1 355 195 -8.49153486538 2.22477893291
1595 1 5 355 205 -1.3878500162 5.82035106613
1596 3 3 355 215 -2.5075114546 -2.49824422044
1597 3 1 355 225 2.27742383735 -2.47818508167
1598 3 1 355 235 -0.836746520939 7.83717713516
1599 2 2 355 245 0.305409499298 2.67543517259
1600 2 3 355 255 -1.46976541399 -7.6426295988
1601 1 2 355 265 -3.66081416452 -9.24663957573
1602 3 2 355 275 -6.50113037118 7.56961415955
1603 3 2 355 285 -8.58969047529 -5.44571969157
1604 3 4 355 295 2.54205071673 -3.81032627142
1605 2 3 355 305 5.29543855442 -8.04082661907
1606 1 2 355 315 -4.64875864678 3.52313121582
1607 3 5 355 325 0.798120131757 -3.72514561014
1608 1 3 355 335 -2.32797361471 6.85142455977
1609 1 2 355 345 -2.10772695404 -8.41178187234
1610 2 5 355 355 3.86594696581 -2.11764569251
1611 3 3 355 365 -1.85255926284 -4.80228162958
1612 1 2 355 375 -7.41890224098 -3.4243118087
1613 2 5 355 385 -2.73722684182 -1.78818909065
1614 1 5 355 395 1.17646055215 -4.97644323404
1615 3 2 355 405 0.438286347304 6.8570652318
1616 1 4 355 415 1.41560802425 -5.91957215218
1617 3 2 355 425 -0.396064630145 -1.9641084596
1618 3 4 355 435 1.57540568793 -9.80471047902
1619 1 3 355 445 -9.07858111796 -9.78563113276
1620 2 2 365 5 3.71984695139 5.86699038876
1621 3 4 365 15 -2.32277037715 6.42088032242
1622 2 3 365 25 3.18915539746 -5.53005291542
1623 2 3 365 35 1.26492202333 -8.81274272092
1624 2 2 365 45 -3.67251495562 -9.48118883896
1625 3 5 365 55 -1.12760066782 1.69454850325
1626 2 4 365 65 -6.77103564692 7.30489668619
1627 2 4 365 75 -3.94211722191 -1.70900589265
1628 2 4 365 85 9.52043383028 -7.54059385291
1629 1 4 365 95 8.97421977324 -3.44744485045
1630 1 4 365 105 -5.66569837912 6.77237347868
1631 2 5 365 115 8.63871436224 -9.43922732649
1632 2 5 365 125 0.890620998617 2.87378548793
1633 2 5 365 135 1.4205685568 5.78212898928
1634 1 1 365 145 -3.94597265492 9.75498330943
1635 2 1 365 155 -8.21424927265 -6.78371826449
1636 2 5 365 165 -3.95426476921 4.00694679219
1637 3 2 365 175 4.29445481491 0.878671436263
1638 1 5 365 185 1.66378319455 -8.50281384224
1639 1 4 365 195 -9.23339417988 2.40271122633
1640 3 4 365 205 -9.4995984749 8.92217525422
1641 1 3 365 215 5.98933653803 6.32185281977
1642 3 5 365 225 -0.208927258908 8.59173239641
1643 1 4 365 235 4.59600229602 -1.96113229139
1644 3 3 365 245 -9.48393510008 7.40379477735
1645 1 2 365 255 6.64553190911 -9.499472876
1646 3 4 365 265 -6.45797804533 3.96387687625
1647 2 2 365 275 4.42374233063 -7.64650772307
1648 1 5 365 285 0.747392503725 -7.53260163977
1649 2 2 365 295 5.46749828147 9.89331165692
1650 1 5 365 305 6.79653569541 0.522286536717
1651 1 2 365 315 -9.84294089392 6.78384815568
1652 3 1 365 325 8.60232895183 2.42667136102
1653 1 1 365 335 3.29828655701 3.51408389317
1654 3 2 365 345 -4.60216017767 -8.41922904596
1655 1 5 365 355 1.62403099764 -9.8431970013
1656 3 2 365 365 0.980903129756 4.65546026997
1657 1 5 365 375 7.32345728031 -2.64728958325
1658 3 2 365 385 -9.42983814667 -5.60921562123
1659 1 4 365 395 -9.42378216804 -0.259033492238
1660 2 5 365 405 7.66333518605 0.24939194896
1661 2 4 365 415 3.94981921399 -7.63695124568
1662 3 5 365 425 -4.13140754094 9.15859461025
1663 2 5 365 435 -2.90805244574 2.7109143479
1664 1 2 365 445 4.37840619659 -7.0776054059
1665 1 5 375 5 1.80410519211 -5.97343443373
1666 1 4 375 15 3.62500803977 2.22320298529
1667 2 2 375 25 -4.87596653729 8.96302300981
1668 3 4 375 35 2.25983343038 -8.38347378136
1669 1 1 375 45 -9.27746523861 7.15316645594
1670 1 2 375 55 8.03139950911 -2.66116737629
1671 3 5 375 65 0.416725193868 -1.61197645241
1672 3 1 375 75 -6.45012718482 6.91464920631
1673 1 3 375 85 -1.57415417751 0.392182029777
1674 3 2 375 95 4.20937794751 -2.23258675971
1675 2 3 375 105 7.85331981593 -7.21991856059
1676 3 4 375 115 -0.534637373982 7.8558464916
1677 1 2 375 125 -1.74304182039 1.78025640802
1678 2 1 375 135 6.55373149767 -3.22821702281
1679 1 5 375 145 5.7555958021 8.07537618454
1680 3 3 375 155 9.85147215289 -7.7869496333
1681 2 1 375 165 5.26002175937 3.23955709391
1682 1 1 375 175 0.52619868974 -9.10885523911
1683 2 4 375 185 -4.33075440007 1.61565361123
1684 2 1 375 195 0.818980433315 -3.23014411612
1685 1 3 375 205 -7.08894975112 -4.80694494078
1686 2 3 375 215 -5.01491853875 -3.94199778958
1687 1 2 375 225 -4.47339560073 -2.44207161736
1688 1 1 375 235 -4.85109056428 -5.31523065179
1689 3 4 375 245 5.52840705074 -0.656328803522
1690 3 2 375 255 -9.95154334681 -1.05050573452
1691 1 2 375 265 -8.99888490643 -9.90391052851
1692 2 3 375 275 8.16183615729 -5.97920640561
1693 2 4 375 285 -3.11615246719 -3.1358035885
1694 1 2 375 295 7.77827532882 -0.959980318999
1695 2 4 375 305 -3.4245180924 -8.02248763244
1696 3 2 375 315 -0.212927170989 4.61022178701
1697 2 4 375 325 -3.12803375436 2.52806748676
1698 2 4 375 335 -7.76196484364 -7.22343988873
1699 2 2 375 345 8.43965330507 -5.48171222389
1700 3 4 375 355 8.02084241081 -9.9460153962
1701 1 5 375 365 7.50273141729 3.94962772098
1702 1 4 375 375 8.58090003834 4.63329242749
1703 2 3 375 385 1.44033209598 -4.38529100468
1704 1 2 375 395 5.0731484985 4.65087202497
1705 1 3 375 405 0.639742661308 -9.8163924424
1706 2 2 375 415 -8.14167073773 -7.7275773704
1707 3 5 375 425 -5.39481653325 8.29688641199
1708 3 4 375 435 -1.23513207699 4.94053799544
1709 2 4 375 445 -5.12200126034 3.71139150602
1710 3 3 385 5 8.94853559701 -9.79321535976
1711 3 2 385 15 -9.9056319179 7.17251851576
1712 3 2 385 25 -8.0731799166 -8.12857603116
1713 1 1 385 35 -5.25689708418 -1.43529623803
1714 1 1 385 45 -3.23149574832 -5.44356000649
1715 3 1 385 55 3.09833248418 -3.81177782392
1716 1 3 385 65 8.71845174211 -4.68283985281
1717 2 3 385 75 -4.30079037865 5.01755681012
1718 3 5 385 85 -1.24798534474 3.33069802929
1719 2 3 385 95 -8.50210746765 9.00529584725
1720 3 1 385 105 -1.54261147838 6.15924347301
1721 3 1 385 115 9.64848144519 8.67542240909
1722 3 1 385 125 -8.85526900099 9.08443935569
1723 3 3 385 135 -6.94744157811 -4.15375721624
1724 1 1 385 145 4.63743109898 -5.13192396981
1725 3 3 385 155 3.9299506762 6.71170219212
1726 3 2 385 165 9.29454286105 3.47101642796
1727 2 1 385 175 6.21558927879 6.60379341105
1728 3 2 385 185 -3.17243053341 -3.95765014667
1729 2 2 385 195 2.8926170083 1.60107798294
1730 1 3 385 205 -0.831109964222 7.49385081314
1731 3 1 385 215 -9.8297974559 5.74485348686
1732 2 2 385 225 -4.63039604859 -2.70652611322
1733 1 1 385 235 -1.01628608631 8.04124661994
1734 3 4 385 245 -1.71405554849 2.44468706685
1735 1 3 385 255 -8.19987978355 2.32938909547
1736 2 2 385 265 3.20915367606 -0.484131196905
1737 3 3 385 275 -1.43553513168 -1.56832598384
1738 3 3 385 285 -8.96496078831 -0.561112221468
1739 1 1 385 295 -2.51312502868 -4.43380189077
1740 3 5 385 305 7.80782263562 -0.302690064845
1741 3 3 385 315 -5.51757076648 0.682037895089
1742 2 1 385 325 -3.39598919514 -9.61042527768
1743 2 5 385 335 -4.48651213198 5.87814721876
1744 3 3 385 345 -0.97434304898 -6.22325615746
1745 1 5 385 355 3.62075220108 9.6673779695
1746 1 5 385 365 9.46913638314 -0.167347708914
1747 3 4 385 375 -0.730449368123 -0.30497251059
1748 1 3 385 385 -8.64177387063 -9.11027387974
1749 1 2 385 395 -2.86019026377 -6.74338231661
1750 2 1 385 405 8.52774779313 8.45629436464
1751 3 3 385 415 1.9438776057 3.37461150376
1752 3 4 385 425 4.73210822838 4.26280643511
1753 3 5 385 435 -3.46405463639 9.22659776293
1754 1 2 385 445 -0.317089387577 -0.418447110704
1755 3 3 395 5 4.34537856489 2.46392540461
1756 3 3 395 15 -8.67998936675 -9.12410548616
1757 2 3 395 25 -6.68523756238 9.9808707116
1758 3 5 395 35 -4.57153276628 -4.89248380111
1759 3 3 395 45 -9.5685784752 -1.2046117717
1760 2 1 395 55 -0.191775431346 -3.10494547685
1761 3 3 395 65 -8.24676707728 6.50992940393
1762 1 4 395 75 -2.69842814697 3.24443141175
1763 2 2 395 85 8.59174672262 8.62921151014
1764 2 2 395 95 1.57641796353 -8.59438319103
1765 2 4 395 105 -0.596123260101 4.60571000416
1766 1 3 395 115 3.79990737091 -5.64499133692
1767 3 2 395 125 4.67571212552 4.42352713651
1768 2 1 395 135 9.19456225762 5.47658743484
1769 3 4 395 145 8.85166907022 -2.45759917707
1770 3 5 395 155 0.474385889377 5.50583843057
1771 1 3 395 165 2.9031779378 -4.2694622138
1772 1 2 395 175 -8.25508143059 1.0017760594
1773 3 4 395 185 -5.01469006635 -5.86256668877
1774 3 4 395 195 7.89928763977 4.37136699417
1775 3 1 395 205 3.56821836338 9.72265960743
1776 1 1 395 215 -2.58908597378 -3.08113321649
1777 2 3 395 225 1.20841091092 -6.91001464697
1778 2 2 395 235 1.01289499238 0.797217045046
1779 1 3 395 245 -4.09629029998 -4.13458462123
1780 1 4 395 255 9.77433758722 8.82115379372
1781 1 1 395 265 -0.648101561964 1.73899697087
1782 3 2 395 275 -0.284120053341 7.84160603324
1783 1 4 395 285 -9.18416675892 -1.65025474842
1784 1 5 395 295 5.07841709891 7.56179676351
1785 2 5 395 305 4.36628766365 6.31737868326
1786 2 4 395 315 -3.29186298165 1.75960346893
1787 2 3 395 325 1.03870448698 4.31954813947
1788 3 2 395 335 -0.390707374401 -3.25341262654
1789 1 2 395 345 -9.74602369161 6.62040637415
1790 3 1 395 355 0.494627903051 -7.15684492083
1791 2 3 395 365 -1.99930464275 4.21830762753
1792 3 5 395 375 -6.75637906573 4.63758348519
1793 1 3 395 385 -7.81897157768 -2.61041507456
1794 2 2 395 395 2.47335758878 -9.21283707711
1795 1 1 395 405 4.56891851606 0.772395409704
1796 2 3 395 415 7.91320340057 1.8344789926
1797 2 3 395 425 6.91681549146 4.78381894673
1798 3 2 395 435 0.0646699560664 9.98568903272
1799 2 4 395 445 -7.84495040518 -9.08396491942
1800 2 3 405 5 -4.46875357629 -7.83506840358
1801 2 3 405 15 -6.8251251176 0.0337369498448
1802 2 3 405 25 -8.64537601609 8.49649488943
1803 2 2 405 35 6.29095343823 3.84189872636
1804 2 3 405 45 1.76958629978 2.42177840802
1805 1 3 405 55 8.26663120882 8.61056103969
1806 1 2 405 65 -2.18860859909 5.29964368229
1807 1 2 405 75 -4.93806624585 7.43817690401
1808 2 3 405 85 -4.15400811992 -8.43553263997
1809 1 2 405 95 -4.3281230436 -8.51679453268
1810 1 1 405 105 -3.04537522876 3.97516396344
1811 3 5 405 115 2.61589798265 -6.77873002003
1812 1 3 405 125 9.89082767572 4.62994304443
1813 2 3 405 135 -6.32099073016 4.80899362019
1814 3 2 405 145 -5.8489664628 5.68085392077
1815 3 1 405 155 8.52004191543 -1.5509667638
1816 3 2 405 165 -8.66670475742 -9.24488859803
1817 3 4 405 175 9.3547421044 -2.8630902024
1818 3 5 405 185 6.0722539802 -7.76533402282
1819 3 4 405 195 -4.71491325114 9.040593667
1820 1 1 405 205 -4.68123022239 -1.6177382949
1821 3 4 405 215 -7.9318397633 0.323074302542
1822 3 4 405 225 9.14148855798 -7.98323868103
1823 3 4 405 235 3.09013637515 -3.92384531055
1824 3 3 405 245 -4.53722477598 -1.92846091016
1825 1 2 405 255 0.465688130028 -4.18562110605
1826 1 5 405 265 -2.63722398752 -1.97648700067
1827 2 1 405 275 -3.88112358312 -9.99035043779
1828 3 4 405 285 -2.84450458363 4.12599458117
1829 2 3 405 295 -7.00937542811 8.64277899714
1830 1 2 405 305 6.52661714497 8.50305430862
1831 3 5 405 315 9.94886097993 -0.462851674262
1832 1 2 405 325 9.39589632971 -8.99768034627
1833 3 2 405 335 -9.76934712627 -6.42177997262
1834 1 5 405 345 2.45994924489 3.33603650544
1835 3 1 405 355 4.0621559078 -5.91694089743
1836 1 2 405 365 8.14341546798 -1.77696352443
1837 3 4 405 375 2.64341996811 -1.79668166995
1838 2 5 405 385 -6.27258357825 -6.51246200803
1839 2 3 405 395 -4.6692868604 -4.45988670443
1840 1 2 405 405 4.90299132339 -4.43654608712
1841 1 3 405 415 5.21486986879 6.71083570541
1842 1 1 405 425 -7.61602976751 -7.07485005594
1843 3 4 405 435 -6.57904030923 -3.49075638903
1844 3 3 405 445 -7.96677240744 -3.75599031109
1845 3 2 415 5 3.6912820024 1.99445437201
1846 3 4 415 15 -9.72336995053 5.54961217402
1847 1 1 415 25 8.71022841198 -2.40203632847
1848 3 1 415 35 7.3906751941 -9.56613508789
1849 3 3 415 45 -6.06094968542 -6.88371586878
1850 2 4 415 55 9.77685133203 1.51894867637
1851 2 2 415 65 -9.05338961984 -9.95722499349
1852 3 1 415 75 2.92163062464 0.790331828904
1853 1 4 415 85 -9.28170808288 6.26209850662
1854 1 2 415 95 4.7280995486 7.72787322942
1855 1 4 415 105 0.397552117689 8.02950160179
1856 1 4 415 115 3.89012335558 1.4373736324
1857 1 1 415 125 -9.22817414886 -5.6432191971
1858 1 4 415 135 -2.57724258387 7.3517130143
1859 3 5 415 145 3.66259419409 7.69311115842
1860 2 5 415 155 6.05599106612 7.28067957684
1861 3 5 415 165 -4.47006568788 6.00940524023
1862 2 1 415 175 9.85122715752 9.73072200209
1863 1 5 415 185 7.13676600272 6.6462304553
1864 3 3 415 195 3.58695279872 9.38695098481
1865 3 5 415 205 -2.64596210065 -7.82101682894
1866 2 5 415 215 8.00702551537 -7.11387065488
1867 2 4 415 225 -1.04481433876 -2.10041634216
1868 2 4 415 235 8.30873284628 -1.75283546937
1869 3 2 415 245 4.12340776047 -4.02449654136
1870 2 1 415 255 -4.3461580267 0.702863917974
1871 1 5 415 265 0.00395417737901 -2.51411325565
1872 3 3 415 275 -7.66499115467 -5.56355461538
1873 2 4 415 285 3.19466894865 -2.79934178962
1874 1 1 415 295 -1.87022290628 0.564918368823
1875 2 4 415 305 6.5219931601 -9.84758359718
1876 3 4 415 315 5.81200843419 3.04717398465
1877 2 3 415 325 2.37049822143 -4.0390119103
1878 3 5 415 335 -3.41960190478 -2.65411431297
1879 1 4 415 345 6.27305879756 2.60927223233
1880 3 5 415 355 -9.41294652175 9.46835880699
1881 1 2 415 365 -6.77521579758 -5.77243214524
1882 2 2 415 375 -5.92698473922 3.97604830476
1883 2 2 415 385 9.74055880584 -4.93053722568
1884 1 2 415 395 7.2188783612 -0.0773242573916
1885 2 4 415 405 -0.967200085274 -7.17396629359
1886 1 1 415 415 -8.38007149891 -0.867390525934
1887 2 3 415 425 4.54978227589 7.37022689076
1888 3 3 415 435 1.98788994938 -0.577961342234
1889 2 3 415 445 -6.52195740125 -0.965332240397
1890 2 3 425 5 -1.59111978556 -5.98578361398
1891 2 4 425 15 0.538219510032 -0.429375005935
1892 1 3 425 25 3.54562732521 5.82918019102
1893 1 3 425 35 -4.86083272216 -4.3993245246
1894 1 3 425 45 -4.68666699339 2.99553624144
1895 2 4 425 55 -1.77485969437 0.358209950461
1896 3 1 425 65 6.91715860358 -6.74386743977
1897 3 2 425 75 1.38598837529 -2.41188680495
1898 1 3 425 85 0.560194827125 -9.4685722671
1899 2 4 425 95 1.91840342055 1.70570085788
1900 1 5 425 105 -7.45032164197 4.29970842731
1901 1 3 425 115 -6.24798190927 -6.99991989797
1902 1 5 425 125 -8.90039958213 0.691984632128
1903 1 4 425 135 1.87347697315 -7.32088479718
1904 3 4 425 145 1.92258558142 0.0736084017381
1905 1 1 425 155 8.23283122591 0.55697768905
1906 3 3 425 165 -9.72838299994 -3.73529150938
1907 1 2 425 175 -8.58947535522 -4.37203675803
1908 2 2 425 185 -1.84380268026 -4.89664916947
1909 3 1 425 195 3.51980419684 -0.587682549195
1910 3 4 425 205 -5.75303154057 -3.40795445112
1911 1 4 425 215 -2.2148438525 5.9432318117
1912 1 3 425 225 3.48557111019 -6.82481497067
1913 1 3 425 235 9.48401957377 9.42353810716
1914 1 2 425 245 -2.54925546072 -6.08056719061
1915 2 3 425 255 2.40238533887 2.06256065929
1916 3 5 425 265 -7.63296833015 1.11907813165
1917 2 2 425 275 -0.994457903043 -7.23191168914
1918 3 4 425 285 8.46489758466 -9.37254691186
1919 1 3 425 295 -9.87037099206 3.30712284481
1920 1 3 425 305 -4.04210540412 8.73761748201
1921 3 3 425 315 -4.04475204719 -1.16779953984
1922 2 3 425 325 9.49156035041 -8.25977130929
1923 2 1 425 335 -4.88951201682 -4.33494366097
1924 1 2 425 345 -8.49998993268 4.05279674283
1925 3 2 425 355 8.90497584863 7.21433664229
1926 1 3 425 365 7.10565386354 7.26316764866
1927 1 2 425 375 3.06886903019 -7.53760128523
1928 2 1 425 385 -6.19721174383 -8.02221277822
1929 1 4 425 395 2.69798840714 -3.1719478616
1930 2 1 425 405 0.688679422502 3.28033774896
1931 1 5 425 415 5.52217113698 -2.42148649495
1932 3 3 425 425 6.04575687287 -2.0596062362
1933 2 3 425 435 -5.4659865693 6.69872255747
1934 2 2 425 445 9.9614924698 -0.672197856145
1935 1 3 435 5 -4.75767404928 7.3060025452
1936 2 2 435 15 7.06500722818 0.322498078265
1937 1 1 435 25 -3.54062655505 8.37351630807
1938 3 1 435 35 -1.06392616572 -1.10418702139
1939 1 4 435 45 -0.319813680815 -4.6021194533
1940 3 4 435 55 4.28448437803 8.18297040209
1941 1 4 435 65 -3.3530683734 -5.83452294924
1942 1 1 435 75 2.2842605028 2.4031325215
1943 2 3 435 85 8.72446802 3.90573516581
1944 2 1 435 95 -4.87847687565 3.64339423817
1945 2 2 435 105 9.10429605924 1.46158977985
1946 3 2 435 115 8.48644435986 -8.58802931675
1947 3 1 435 125 8.14882240495 -7.11595634308
1948 1 5 435 135 -2.8321783391 0.0963649283641
1949 3 3 435 145 -7.23297454178 7.36991981259
1950 2 4 435 155 3.904841577 -4.18918969529
1951 1 4 435 165 -5.98858746728 -8.21018269785
1952 1 4 435 175 -9.89556052756 -3.43235422427
1953 1 4 435 185 -0.0813719974257 7.02952155244
1954 3 1 435 195 -5.70672732925 8.89288919732
1955 2 4 435 205 -6.82684412163 -9.33763136046
1956 2 4 435 215 3.21630491836 -3.84056973643
1957 3 1 435 225 0.245198153025 7.04880766474
1958 1 1 435 235 -2.70081959122 -6.40765662976
1959 2 3 435 245 -4.94161672861 -9.97071158761
1960 3 2 435 255 -5.04218022605 -7.26137154115
1961 3 1 435 265 2.3686794969 2.21187889547
1962 3 4 435 275 2.10927194423 1.00424582345
1963 3 4 435 285 -0.745884931073 -8.17265401633
1964 3 1 435 295 3.05545585361 1.00637448809
1965 3 2 435 305 -4.84795678638 -1.77596581795
1966 3 2 435 315 5.15358300643 1.75392319171
1967 1 1 435 325 -3.17573530985 2.56967185179
1968 3 1 435 335 -0.329679148618 -0.031313145267
1969 2 1 435 345 -7.28297254099 9.79572239515
1970 2 3 435 355 -7.07772607345 4.4731397231
1971 2 2 435 365 7.4239922411 -0.539615412561
1972 1 5 435 375 3.11425968679 -8.13870552115
1973 2 2 435 385 7.3025400383 -1.1724662074
1974 3 5 435 395 -8.32951487732 2.93301220746
1975 3 4 435 405 -1.77169303308 3.90569293738
1976 2 5 435 415 4.00991388652 -4.6582876937
1977 2 5 435 425 -6.57557502493 8.01828030847
1978 1 3 435 435 2.76660236234 3.83222704001
1979 3 4 435 445 1.14214912759 8.85145407799
1980 2 1 445 5 -3.81936751645 0.609811113867
1981 3 3 445 15 2.31124886133 -2.52981494144
1982 3 5 445 25 2.33838906619 8.26291700126
1983 1 1 445 35 -4.43277263886 2.68390181406
1984 2 2 445 45 -6.51769115127 8.52465138616
1985 3 5 445 55 -6.55771618558 -4.85832730455
1986 3 2 445 65 9.92550599599 -7.37121688995
1987 3 4 445 75 -2.3567257871 9.90632435828
1988 1 5 445 85 7.40234361933 0.999878014148
1989 2 1 445 95 -1.29782608302 -1.49969799656
1990 1 5 445 105 3.81071977083 0.661664560933
1991 2 4 445 115 -3.05332448759 -0.900726621033
1992 3 1 445 125 -7.29340092642 4.85657538345
1993 2 1 445 135 1.36634799076 -6.27549739585
1994 1 2 445 145 9.48232588925 -5.72378616814
1995 2 5 445 155 8.45009301163 0.439394824534
1996 1 2 445 165 2.46525089248 9.74439222619
1997 2 3 445 175 2.1184415882 -6.79013045488
1998 1 5 445 185 -7.12419795323 9.948190638
1999 2 1 445 195 5.49737637018 -2.40789634265
2000 1 3 445 205 3.74375341197 -8.06745837197
2001 2 2 445 215 2.93769679626 1.69547853222
2002 1 3 445 225 -8.31380761317 -8.38235821227
2003 3 4 445 235 9.92144987597 -9.9589900415
2004 2 3 445 245 -1.39746841183 -4.38360834741
2005 2 4 445 255 -5.00046415753 -8.75715693406
2006 3 3 445 265 9.1927572061 2.02382267727
2007 1 2 445 275 -5.03684024735 0.571771672782
2008 3 1 445 285 6.19738097539 -9.05136940862
2009 2 2 445 295 1.97732938165 3.21484613221
2010 2 3 445 305 1.9247138725 3.83885438956
2011 2 2 445 315 1.02263216074 3.38343340911
2012 1 1 445 325 -4.82368138389 0.31648761318
2013 1 1 445 335 5.83048243173 8.66834205839
2014 1 4 445 345 4.10624063091 0.685835331046
2015 1 2 445 355 -1.04902659255 1.03900793063
2016 1 3 445 365 6.48211720647 -8.949274362
2017 1 4 445 375 -8.56299959576 8.72348118021
2018 1 4 445 385 -7.19277988138 9.2838291364
2019 2 5 445 395 -6.60514297783 5.53304417741
2020 3 1 445 405 -0.164939637866 8.06285303487
2021 2 4 445 415 4.82848007792 0.0788367299686
2022 3 2 445 425 -4.53025495001 3.50810713732
2023 3 1 445 435 -0.757904434826 -6.99236219106
2024 1 5 445 445 -2.79864358832 4.51521193104
