300 300 900
0.001 1 1
0 3 2 5 5 -1.5735914756 6.20365201565
1 2 5 5 15 8.29916705883 8.43107336799
2 2 3 5 25 2.63479672129 -7.41625399196
3 2 3 5 35 4.9304457119 7.39274568264
4 3 5 5 45 -5.84975840363 0.250847148653
5 3 4 5 55 -8.48200007145 -2.55460732677
6 2 2 5 65 -1.93701640484 7.17248651924
7 2 2 5 75 -9.13904663418 -6.31490762523
8 1 3 5 85 8.44612038351 9.99314965153
9 1 5 5 95 0.307909117109 3.36050968384
10 2 4 5 105 -6.69891479527 8.72638791079
11 2 3 5 115 5.74684577227 2.7826995725
12 2 1 5 125 -3.17549789665 6.93458419072
13 2 1 5 135 5.5525737621 1.89446096525
14 3 5 5 145 2.9681202394 9.91708950409
15 1 4 5 155 0.831591360804 9.10938561021
16 1 2 5 165 3.76355599026 8.55073062246
17 3 1 5 175 -2.74295040354 3.9913996903
18 2 4 5 185 -9.26040085474 4.76898595991
19 1 4 5 195 5.73823387203 5.82269921801
20 3 3 5 205 -4.48155019974 -0.978944504982
21 1 1 5 215 2.18834957009 5.66467811106
22 3 5 5 225 4.83112061151 -6.75019614235
23 2 3 5 235 -7.46545061382 4.59382293285
24 3 4 5 245 4.65895886777 -1.98978377206
25 2 3 5 255 -8.62632526135 8.7373532781
26 3 1 5 265 -2.87413655769 -8.35728139149
27 1 2 5 275 3.94510130337 -3.01795366168
28 2 5 5 285 -9.07629002665 -2.29623649796
29 2 2 5 295 -0.609145456733 6.27918357683
30 1 5 15 5 5.72169190424 2.99978966661
31 1 5 15 15 -8.24348401598 -6.49559151364
32 2 3 15 25 -0.463936702978 -4.75603554866
33 2 2 15 35 3.05987152867 -9.00971578095
34 1 1 15 45 1.28315831105 3.5671630013
35 2 3 15 55 4.88522165217 -9.05094804983
36 2 2 15 65 -4.71565767986 3.72992501299
37 1 5 15 75 -2.80471072236 -5.35464128443
38 2 4 15 85 -1.16148123283 -1.12835149598
39 3 5 15 95 2.85099581518 -8.09717004829
40 3 5 15 105 -4.20360951694 6.58683791295
41 1 1 15 115 -7.57810325676 -2.08284594019
42 2 5 15 125 -5.0109581789 3.55187315704
43 1 2 15 135 -4.46836748321 4.28892252557
44 2 4 15 145 5.34631008933 -1.98663016993
45 1 2 15 155 5.21926985488 0.263998426025
46 2 3 15 165 -5.2836959656 -8.53028334636
47 2 4 15 175 -8.6921662878 -2.34692481988
48 1 5 15 185 -9.76207248065 -4.58219954707
49 3 2 15 195 -6.16066067733 7.94863929724
50 3 2 15 205 9.99227066277 -5.6793546156
51 1 2 15 215 9.86555948879 4.16047035945
52 3 2 15 225 -3.61325382222 6.72598246929
53 3 1 15 235 8.44925696567 6.7936623178
54 1 3 15 245 8.92494876263 6.44463474265
55 3 1 15 255 -7.51269816776 -7.50845954048
56 1 3 15 265 0.699937094027 -3.31546110582
57 1 3 15 275 1.96902160996 -8.86635114866
58 1 5 15 285 -8.45105132606 8.95338948804
59 2 2 15 295 9.02619842861 5.13884682764
60 1 5 25 5 -8.16189529781 -4.38973983701
61 2 1 25 15 -9.23237667607 -7.0837388141
62 1 4 25 25 6.38508308773 -3.30772542311
63 3 5 25 35 -6.80770220079 8.60594127241
64 2 1 25 45 -5.99838055747 -6.49805889802
65 3 5 25 55 -5.36271520018 -5.95386068505
66 2 1 25 65 -5.22134869004 -5.39450410459
67 2 4 25 75 6.32889216768 4.49194854954
68 1 4 25 85 -2.95652733713 -4.60309417214
69 1 1 25 95 1.12316210527 0.501750381632
70 1 4 25 105 3.53586115208 4.73419548797
71 1 4 25 115 -9.08294737187 -0.613700197453
72 2 4 25 125 -3.23390855422 7.20468754865
73 3 2 25 135 -4.51212680687 -9.70455813502
74 3 1 25 145 -2.97400429924 -9.50284228748
75 1 5 25 155 -1.5569789181 0.527348206454
76 1 3 25 165 -5.21924527485 -3.43208874059
77 3 3 25 175 -3.58932519574 5.10555317489
78 1 5 25 185 1.68143713449 2.82763516782
79 3 3 25 195 -5.18291060594 -5.51567898898
80 2 5 25 205 1.87258126356 -6.71816378127
81 1 1 25 215 5.08918018158 5.54203498913
82 3 4 25 225 1.65376596157 -2.70619243469
83 2 4 25 235 -8.37241141991 -0.00467580669649
84 3 1 25 245 -6.62759070714 -2.44424741826
85 2 2 25 255 -7.49145729592 -9.35506400965
86 2 3 25 265 -0.272313339041 4.73888266288
87 2 4 25 275 -4.58168733054 1.90188080903
88 3 5 25 285 2.50050433758 6.92104867824
89 3 2 25 295 5.68946286341 -9.88295078855
90 3 1 35 5 2.09713293466 -3.57471887258
91 3 1 35 15 -0.083299996907 -5.27370639881
92 2 2 35 25 -2.93804770588 3.5907001181
93 1 2 35 35 7.15083197846 -4.65991501987
94 3 2 35 45 6.23955518827 4.70870647706
95 3 5 35 55 2.0046439978 -6.55925941675
96 3 4 35 65 -4.85978117796 -3.68034901633
97 3 5 35 75 -8.42795488366 -9.20646059309
98 3 4 35 85 2.59541570402 7.07325768359
99 1 4 35 95 1.51443779761 -1.91458781481
100 3 3 35 105 -0.0439753026963 8.98644838106
101 2 4 35 115 -2.34793183126 6.67775738712
102 2 3 35 125 -8.07952001448 -7.09902587686
103 3 3 35 135 -0.896678807042 9.31460159745
104 2 5 35 145 9.7242848572 3.5371365067
105 3 2 35 155 -7.89866917963 8.78665182945
106 3 4 35 165 -6.17968835376 -9.45516652928
107 3 2 35 175 -3.3038759879 1.38524102458
108 3 3 35 185 7.61678340532 -6.48790029731
109 2 5 35 195 -8.79319593719 -8.80078841431
110 1 2 35 205 -1.88544536198 9.37372548602
111 2 1 35 215 -8.84702582642 8.6345349973
112 3 2 35 225 -1.63587747967 8.70522190001
113 2 5 35 235 -6.32731235843 -5.31001076399
114 1 1 35 245 7.54694061526 -9.84247512685
115 1 1 35 255 -8.12626449844 -8.52698966302
116 3 3 35 265 1.18218343977 7.21600950609
117 1 4 35 275 -5.61373273076 -8.56454928972
118 3 5 35 285 4.42275659324 -1.73957908962
119 1 1 35 295 3.22000350195 -4.04289050348
120 1 4 45 5 -8.10627932006 7.00401959141
121 1 1 45 15 -8.31066315528 6.23899591023
122 3 2 45 25 9.54424483091 6.61580018185
123 2 4 45 35 -3.26420900747 -9.52406505507
124 3 1 45 45 -8.58252132957 -0.620109098023
125 3 4 45 55 -4.03351177641 -3.23578007266
126 1 5 45 65 -6.13935312976 -5.39689195119
127 3 3 45 75 -4.91736820537 -1.69781489222
128 3 4 45 85 3.49613968662 8.67921626418
129 2 4 45 95 -5.01685876072 -8.4918187094
130 1 2 45 105 1.91893711814 9.63580727752
131 3 2 45 115 1.28669597507 -6.44505693895
132 2 3 45 125 -6.08718101632 2.17773450154
133 1 1 45 135 -7.33454581274 -1.77265511465
134 2 2 45 145 6.05094721539 -0.577115295168
135 3 2 45 155 3.62598106645 -2.55266230022
136 1 2 45 165 7.88737260215 -2.82295181201
137 1 1 45 175 -3.31868191241 -7.98636018359
138 3 1 45 185 1.21062660663 3.38598987152
139 3 3 45 195 -8.70292415464 4.07906738718
140 2 5 45 205 -6.55920310843 0.42621585937
141 2 5 45 215 4.34786645256 8.86397909067
142 1 1 45 225 -1.83874254228 0.886957489297
143 2 5 45 235 9.68409493905 -7.253390986
144 3 5 45 245 5.19970703645 -5.92372231344
145 3 2 45 255 9.14173926602 -1.50998199365
146 1 5 45 265 9.33054130777 6.38812168807
147 2 1 45 275 -8.66283352367 3.08856658718
148 1 2 45 285 -6.90196853253 4.59418794998
149 3 1 45 295 4.35414132381 9.9337803714
150 2 5 55 5 6.74822507583 5.69921589446
151 1 3 55 15 -0.839137668054 -1.48499499516
152 3 1 55 25 5.50266549521 7.68065285926
153 3 5 55 35 1.84620479695 1.90586430301
154 3 3 55 45 1.28905493314 2.88475349614
155 2 1 55 55 8.12611907104 -1.70617812052
156 1 1 55 65 -7.85010005111 -5.7137594843
157 2 4 55 75 -9.53437281888 0.598650733505
158 1 5 55 85 1.22771541438 -4.95982934899
159 1 3 55 95 -2.70939939156 -8.73038223227
160 1 3 55 105 6.37479802365 -1.30145622467
161 3 1 55 115 0.86134706337 -6.3208620494
162 2 4 55 125 -2.63562639403 1.23977612951
163 1 5 55 135 5.68121809458 0.343743157597
164 2 4 55 145 -5.54718514535 -2.25655167631
165 2 1 55 155 7.28977961532 8.99055512939
166 2 4 55 165 9.7209991856 -0.250213669956
167 2 4 55 175 -0.499890019194 -8.39852251034
168 3 1 55 185 -6.43285991496 2.55897508429
169 2 1 55 195 3.67392119686 2.39851323323
170 1 1 55 205 5.53009346684 -0.0224777136199
171 2 3 55 215 -0.388916377425 -5.03888133041
172 2 5 55 225 -7.65089217909 -4.80372280152
173 2 4 55 235 3.24583450273 5.49362339824
174 1 5 55 245 -5.15886479066 -7.83212733103
175 2 4 55 255 -9.03661531903 -9.21302416805
176 3 2 55 265 -3.81955991079 2.88315292072
177 3 2 55 275 -2.06109568432 -0.488443260834
178 1 4 55 285 1.51164149912 1.01477531003
179 1 5 55 295 -1.52272488533 -6.06761691354
180 1 3 65 5 9.52991356648 5.42787943252
181 1 3 65 15 7.15861245011 -7.3507347568
182 3 5 65 25 1.75651038603 7.94162391282
183 3 4 65 35 -0.0852735921755 4.35088182653
184 1 5 65 45 -0.749395428427 9.78458069148
185 2 4 65 55 1.42806495883 7.35097513036
186 1 1 65 65 -0.494869044892 6.5459427224
187 2 4 65 75 -0.668733761131 1.11045062551
188 1 1 65 85 9.0305782463 -4.70833437799
189 2 2 65 95 7.89938955665 -9.98291065417
190 1 1 65 105 -0.538134359855 -5.86157368971
191 2 5 65 115 -2.58839910235 3.04211867919
192 3 3 65 125 -0.261854904049 -9.00033924786
193 3 3 65 135 6.82376222768 8.05814687174
194 2 4 65 145 9.54605657696 -1.14551528895
195 2 1 65 155 3.48279642542 4.6769410462
196 1 5 65 165 -8.52841860982 -6.45748625942
197 3 3 65 175 3.14427014685 0.918452051663
198 3 2 65 185 4.9085533321 -8.66544170215
199 1 4 65 195 7.3454608013 -2.12180507659
200 2 2 65 205 -6.72797564702 3.97847727809
201 1 3 65 215 -5.95278792789 4.46004577168
202 2 4 65 225 8.67358816168 -1.05840726446
203 2 3 65 235 -1.63609580506 4.86580181789
204 3 3 65 245 6.83710149027 6.61594962385
205 3 2 65 255 -9.40922857151 0.669996210991
206 2 5 65 265 -6.50410640008 6.64040620264
207 3 3 65 275 -4.3642417014 -6.1322082377
208 1 4 65 285 0.287234126982 -6.50053304003
209 1 2 65 295 -7.52943197306 -7.95986610052
210 1 4 75 5 -8.3400986556 -6.32923959227
211 1 5 75 15 4.99948096626 -9.80379139563
212 1 4 75 25 -9.29615582118 -3.2990012558
213 3 5 75 35 3.85511473932 -6.64486821031
214 1 4 75 45 3.87571218195 5.9398455795
215 1 2 75 55 -4.27098913687 -9.09166030855
216 1 2 75 65 -2.45628590436 2.54274734016
217 2 4 75 75 5.64866150042 -3.38050940111
218 2 1 75 85 4.32888320169 -0.409108644989
219 2 5 75 95 3.28134627084 -0.418717471193
220 3 5 75 105 1.10480889207 7.73629410133
221 1 4 75 115 -2.31140847212 4.98181079467
222 3 2 75 125 1.44602069285 6.60086668574
223 1 5 75 135 -7.65020110406 -8.35839339152
224 3 2 75 145 -3.36371510259 8.11729239834
225 1 5 75 155 -2.2157734462 4.71924830553
226 3 5 75 165 0.562514027742 5.98723755319
227 1 5 75 175 -8.56717788265 6.64639657044
228 1 5 75 185 -9.44343170845 -8.88827186909
229 3 5 75 195 -9.62770135735 -9.88986310255
230 1 2 75 205 -9.11883985678 -4.12591872344
231 2 2 75 215 5.49287874798 2.32575586189
232 3 1 75 225 3.92061328681 -2.63513900204
233 2 4 75 235 1.0989336683 -0.596747365752
234 3 3 75 245 5.72401869255 5.95097742201
235 2 1 75 255 4.9720546994 3.42632547949
236 3 4 75 265 5.18750532761 -0.741837251735
237 3 5 75 275 1.13297110385 3.20669245311
238 2 2 75 285 9.4598813433 5.86262667551
239 1 2 75 295 -8.30113589451 -3.26367209955
240 1 1 85 5 0.333058788305 3.62641052829
241 3 5 85 15 6.22841475907 3.35541913091
242 3 3 85 25 -7.7889224941 3.86236163797
243 2 2 85 35 -8.74861223575 0.115849600131
244 2 2 85 45 2.12519114355 -6.24176238514
245 1 3 85 55 7.39377144923 -3.07668785397
246 2 3 85 65 7.87776123493 -3.70537002748
247 2 1 85 75 -4.57677531357 5.53296832637
248 2 5 85 85 0.0121780274069 -6.89662001291
249 3 4 85 95 -5.11493443899 -7.17026492612
250 2 1 85 105 -2.87617236789 -1.50888244776
251 3 1 85 115 -9.65734899492 1.83491279939
252 2 2 85 125 -0.248476509715 -4.220131477
253 2 3 85 135 -8.17160881179 -8.63636296902
254 3 3 85 145 -7.25896943784 -4.46637326668
255 2 2 85 155 6.20679676243 -7.28325882301
256 1 3 85 165 -8.33892986332 7.60848296899
257 2 1 85 175 -2.61874363768 -0.834802088944
258 2 3 85 185 -9.60999018047 5.85966920397
259 2 3 85 195 -3.33769141838 9.97937513812
260 2 4 85 205 -3.00157645089 -3.42673981696
261 2 4 85 215 2.50698776839 -9.87113420412
262 2 3 85 225 2.12776080533 5.50436729612
263 1 2 85 235 2.68121501696 -7.15084228506
264 1 2 85 245 -5.47622981204 8.60656784099
265 1 2 85 255 -1.66666114104 -9.69705573422
266 3 2 85 265 -1.92750419446 0.493180928892
267 1 2 85 275 4.53439424331 -2.10633177492
268 1 5 85 285 9.76938964531 6.33087972736
269 2 5 85 295 -8.3118397471 -6.2632954208
270 3 5 95 5 5.99591127655 7.6362351311
271 2 5 95 15 9.38790139481 -0.164440040693
272 1 1 95 25 7.51696109682 5.3661419025
273 1 2 95 35 -4.41245669563 -9.63771839895
274 2 5 95 45 -4.70267537957 7.1213788877
275 3 4 95 55 0.664602426076 -1.70780338157
276 2 2 95 65 -5.57369464584 -8.55565340516
277 3 3 95 75 -6.05383267797 -7.08997129738
278 2 5 95 85 -9.11797685921 -5.41889583804
279 1 1 95 95 8.61720021133 -6.63882326831
280 2 1 95 105 5.33153393863 4.38251713699
281 3 4 95 115 -4.87024541879 -6.8524400279
282 1 4 95 125 6.14922854712 -7.71687917352
283 2 3 95 135 -4.55681945786 -7.72504902771
284 3 4 95 145 5.80854369781 4.03087460652
285 1 5 95 155 -8.71941284905 7.12711532861
286 3 5 95 165 0.290337039367 -9.28301332566
287 2 3 95 175 1.15378630899 -2.26292135804
288 1 4 95 185 -0.902274916443 0.989363549751
289 2 2 95 195 2.3406492634 4.07735579913
290 1 3 95 205 4.36350462476 1.41972636024
291 2 3 95 215 -1.3361923839 -7.56239995929
292 2 5 95 225 -2.41922202372 2.06776445977
293 3 3 95 235 8.39809346166 -3.45083320054
294 3 5 95 245 7.38113050226 -6.45247016209
295 1 5 95 255 0.995091850115 -8.5044474601
296 1 3 95 265 -2.61635501437 -5.50889523452
297 1 5 95 275 1.23635607431 2.37317725706
298 3 2 95 285 4.03389689858 9.23878831324
299 2 4 95 295 7.97209165484 -4.51568745725
300 1 3 105 5 5.37499416974 8.40043128626
301 3 3 105 15 4.91127543382 9.86847053497
302 1 4 105 25 3.46222144856 -9.99386616847
303 2 3 105 35 -0.878524130039 -4.04728873361
304 1 2 105 45 -0.598415243678 -4.18561409048
305 1 3 105 55 0.681384076063 -4.35608051727
306 1 1 105 65 -4.61185414496 -9.49670766783
307 3 5 105 75 -9.10315742194 1.1249396514
308 2 3 105 85 -6.45960301816 -7.84350477022
309 1 2 105 95 6.37827339375 5.43105767799
310 3 4 105 105 -3.53096596865 3.12395290422
311 1 3 105 115 3.28786145833 2.0450831975
312 2 2 105 125 5.50309601159 -6.08009636232
313 3 1 105 135 8.73780908901 3.64542132635
314 1 4 105 145 -4.80699236755 -6.92525090391
315 1 1 105 155 -4.14722515352 3.67381614729
316 1 1 105 165 0.494512171322 1.40916422036
317 1 3 105 175 -6.89690211034 1.42887531443
318 1 1 105 185 -4.47148330622 9.72006075969
319 1 3 105 195 4.05963916045 -4.62931637374
320 3 4 105 205 -0.952844257528 -1.36707692998
321 2 4 105 215 7.34316078211 -3.91632451104
322 2 5 105 225 6.02732760537 8.68169880498
323 3 2 105 235 -4.8968306842 0.811915430189
324 2 3 105 245 9.31306599538 -5.80932140501
325 1 5 105 255 -3.89748477979 -4.14960715751
326 1 2 105 265 2.4517163853 2.23256062918
327 3 1 105 275 -6.56672934741 -5.77499580616
328 3 5 105 285 -4.92631641437 1.7129570411
329 2 1 105 295 7.30343084695 0.345840089114
330 3 3 115 5 -7.2517539574 0.25807341486
331 1 3 115 15 0.725751064021 -8.83509441287
332 1 3 115 25 -0.227894255041 -9.68252870269
333 1 4 115 35 9.56709649574 6.71306349467
334 2 4 115 45 1.93707415726 7.60927796596
335 3 1 115 55 5.39468142297 -3.23524200047
336 1 5 115 65 9.11934017449 -8.94202698412
337 2 2 115 75 2.94722714204 -5.38505214337
338 2 4 115 85 -8.08649541478 8.86205034021
339 3 5 115 95 8.29181327152 -8.75581628894
340 3 3 115 105 -2.94761403025 7.79643936229
341 2 1 115 115 -1.87634522289 -9.22120921977
342 3 1 115 125 -2.22482108002 4.63317152029
343 3 5 115 135 -7.25622338612 4.86649976993
344 2 3 115 145 -8.85933342016 -2.97489609329
345 2 3 115 155 -2.80138396624 4.01737782391
346 2 3 115 165 -5.1213394994 2.21423777689
347 1 3 115 175 -9.4283843091 4.66691836211
348 2 1 115 185 5.32578109029 9.01768268046
349 2 3 115 195 8.14499027394 -9.4864548613
350 3 2 115 205 -2.49782598659 9.45752289017
351 1 4 115 215 -7.78585532392 9.78683941603
352 3 2 115 225 -0.0449404113466 -7.73333702542
353 1 1 115 235 3.64994097789 -0.693979195603
354 2 4 115 245 4.20742115067 3.20863446059
355 3 4 115 255 1.76724517448 -9.9596564
356 3 3 115 265 -8.0591237371 -5.63710748992
357 3 3 115 275 1.10853463399 -3.03540409417
358 1 1 115 285 5.68648378807 -1.42240442423
359 2 5 115 295 -2.5610101772 -0.24670755553
360 1 5 125 5 6.25395943206 1.08608467855
361 3 1 125 15 9.44439000988 -8.41528722702
362 3 3 125 25 -6.0634173704 0.7508110249
363 2 1 125 35 4.78514334753 -9.81208464311
364 1 2 125 45 6.56341461275 -9.37994712751
365 1 4 125 55 4.22121207797 2.25674529364
366 3 5 125 65 7.72229737029 -3.73923304716
367 1 4 125 75 3.52047619336 -5.30355655345
368 1 4 125 85 -7.99466882953 -4.12848112127
369 1 5 125 95 9.7757011303 9.44583352424
370 3 1 125 105 0.409588903635 8.16970136862
371 2 2 125 115 4.16960495327 -5.78269116634
372 3 4 125 125 1.96252276263 -8.17500478537
373 3 2 125 135 0.0802553036787 -4.41876559193
374 1 4 125 145 8.79727352676 -2.7288839487
375 2 1 125 155 -8.86194266174 7.69820245786
376 3 3 125 165 0.751357017535 -2.85562556464
377 3 3 125 175 7.75775996687 9.28848536612
378 2 2 125 185 3.17221009303 2.78653189594
379 1 4 125 195 -1.63738330195 0.950817433515
380 1 3 125 205 -0.224937587022 -7.78553155361
381 1 4 125 215 3.01526886672 5.77243879042
382 1 2 125 225 7.57745245518 -0.672112277664
383 2 3 125 235 -6.07178675229 -1.37127160232
384 1 1 125 245 6.39264272208 7.83737482606
385 1 1 125 255 1.33984095813 -8.60725191354
386 1 1 125 265 3.41725662258 -8.41346290357
387 2 1 125 275 -0.188426251701 -9.20236745407
388 1 1 125 285 -7.32501564775 6.89713368068
389 2 4 125 295 7.18729230711 -4.74326699422
390 1 2 135 5 -5.80712653139 3.40550965435
391 3 3 135 15 9.3769401696 -7.79354500238
392 3 2 135 25 2.50103892467 8.21274775029
393 1 1 135 35 -0.404695643111 -7.78251375983
394 3 1 135 45 6.44907286485 9.88608857277
395 1 4 135 55 9.95760063402 1.57507038666
396 1 4 135 65 9.31681043862 2.58393434328
397 1 3 135 75 -6.94648826811 1.04491499628
398 3 2 135 85 6.74568777705 8.03156658258
399 3 1 135 95 -7.73346048281 5.59820780888
400 3 2 135 105 -7.15552308404 -4.32267839231
401 2 5 135 115 9.29427116312 -3.86346268337
402 2 1 135 125 -8.34850523649 -1.62298119498
403 3 5 135 135 3.3295503181 -5.99331538
404 2 3 135 145 2.40539638057 -4.64766063847
405 1 3 135 155 8.87653697668 -0.67802036298
406 3 3 135 165 0.913711315735 -1.94451614822
407 1 2 135 175 7.08358973025 -0.535023509832
408 2 3 135 185 -5.14213599454 3.97089457494
409 2 5 135 195 6.33455088362 2.97503329384
410 2 3 135 205 2.33649318122 -9.6790456558
411 3 3 135 215 0.765622103977 -1.20983540904
412 3 1 135 225 -5.80362646925 1.39708694563
413 3 1 135 235 -5.80025787234 -8.07485360714
414 2 5 135 245 0.426718251727 -5.00616175991
415 2 2 135 255 0.887501296385 -1.2363290598
416 3 2 135 265 7.98116129608 -5.60973865047
417 1 2 135 275 9.71930313429 6.94172451201
418 1 2 135 285 5.14810641852 2.10916767558
419 2 3 135 295 5.68736295795 0.866265056171
420 3 1 145 5 -7.04322127631 7.21143481373
421 3 1 145 15 -7.70936392783 4.53891999191
422 3 5 145 25 3.68567687289 9.98984660987
423 3 5 145 35 5.04715125433 8.43975599024
424 2 4 145 45 2.8834223436 3.17551654701
425 3 2 145 55 -1.25340312424 5.05957942432
426 2 5 145 65 5.6719490304 -3.03929478815
427 3 5 145 75 2.22073094399 -9.91262488378
428 1 4 145 85 -8.81668692873 0.367436527283
429 2 3 145 95 -3.78701390992 -0.982196691781
430 2 5 145 105 0.132445881988 8.29662579069
431 1 2 145 115 1.86382810431 -8.67595629552
432 3 2 145 125 -6.49783197263 -1.85626268902
433 2 4 145 135 2.38690935507 3.06116569248
434 1 1 145 145 -1.06918997604 8.55803597513
435 2 4 145 155 -7.83823936868 6.09935512101
436 2 5 145 165 6.07041613619 4.58426606418
437 1 2 145 175 -0.545595092966 8.03318631469
438 2 4 145 185 -5.86927076984 3.72226429957
439 1 5 145 195 -1.92889849483 7.43734069099
440 1 3 145 205 3.70475329386 8.3417823553
441 3 5 145 215 -9.64236411488 -8.46746548747
442 3 3 145 225 -3.13680381814 -1.18600432579
443 1 4 145 235 -1.04731660808 1.40080547717
444 1 5 145 245 -2.31336653893 6.29778323295
445 3 2 145 255 6.19831419345 -1.05159675971
446 2 4 145 265 -4.72183194975 -1.47429210626
447 1 1 145 275 5.77105825577 8.09568860765
448 1 5 145 285 -2.65106979464 -3.63591403299
449 2 2 145 295 -5.40469155137 -6.27583959104
450 1 4 155 5 -4.72559295504 9.30953870168
451 2 4 155 15 -5.18160409581 8.82953903997
452 2 2 155 25 -1.52135774133 9.13634374056
453 1 2 155 35 -6.97322419275 0.340929774537
454 2 5 155 45 -7.65290336619 -0.140952177062
455 3 2 155 55 3.66734616124 8.29289854377
456 1 1 155 65 -9.42383060907 -1.35470861418
457 1 2 155 75 -1.15961709885 6.09702141138
458 2 1 155 85 0.204635160771 -4.72636522871
459 2 4 155 95 -7.46798895824 6.30635441465
460 3 1 155 105 6.15740080198 0.492966178034
461 1 2 155 115 -5.94574566464 3.00790624913
462 1 5 155 125 7.09981178046 -8.92576101707
463 3 1 155 135 -8.25425084783 0.116241191325
464 1 1 155 145 -1.10753248624 -3.51046027808
465 2 1 155 155 8.19694538297 -7.95630038366
466 1 1 155 165 0.139437828852 7.0993853549
467 3 1 155 175 -0.870674596474 -8.16807727359
468 3 2 155 185 6.96551403298 9.35877298385
469 1 3 155 195 -1.8966372854 3.40198749802
470 3 5 155 205 -2.70825039337 1.22093369277
471 1 4 155 215 -9.31715972389 -6.30066876044
472 3 4 155 225 2.89140751761 2.01459090575
473 1 3 155 235 -3.5447443323 -1.6389474878
474 3 4 155 245 0.733680664461 -9.40592249895
475 2 5 155 255 -9.65789442535 0.674286545413
476 3 3 155 265 6.69755743483 7.73664810102
477 1 4 155 275 2.02571810748 -8.96271409569
478 1 3 155 285 -0.861109159168 7.15760549934
479 3 2 155 295 4.70288046328 -2.6684798844
480 3 5 165 5 -4.40060558215 3.493976838
481 3 3 165 15 -3.78698865342 0.667057206431
482 3 2 165 25 5.75973661162 7.76879044691
483 1 5 165 35 9.17746325782 3.31173155941
484 2 3 165 45 -7.65463156857 -9.13671847736
485 1 3 165 55 -0.0871437096722 3.88297201109
486 2 2 165 65 2.85402557113 -4.21329553338
487 3 4 165 75 -6.23829227354 -3.09597077896
488 3 3 165 85 -2.75353432069 -7.47431897766
489 2 2 165 95 -5.7501242773 -8.44319027508
490 3 3 165 105 2.30514918018 -5.35606266208
491 1 2 165 115 -4.70924805633 -9.08983551628
492 2 5 165 125 -7.24593737354 1.59471441923
493 1 4 165 135 0.96387157934 -3.72366021972
494 1 2 165 145 -2.88113949102 1.81297494489
495 3 2 165 155 -1.3428143395 2.74895912667
496 1 3 165 165 0.536155749161 -1.5178358249
497 3 2 165 175 -0.951658116021 -7.92640523047
498 2 1 165 185 1.62409793742 -9.66093331202
499 2 2 165 195 -2.19710554961 -3.13970164396
500 3 4 165 205 9.12568629536 -7.97164907187
501 1 1 165 215 3.68980528771 -3.41102469936
502 1 4 165 225 -1.17072784629 8.4603769656
503 1 3 165 235 2.3975578915 -8.72650054394
504 1 1 165 245 -5.66909559878 -4.25913231252
505 2 3 165 255 9.73712381534 -7.12595912788
506 2 2 165 265 -4.53979165779 -5.05917740886
507 1 5 165 275 -2.21919727039 -1.60924182733
508 2 1 165 285 -6.26051090138 9.19518611364
509 1 3 165 295 -0.21592146926 -1.49613634248
510 2 2 175 5 3.73852389579 0.0611711255427
511 1 3 175 15 5.19539119318 -0.362920834309
512 3 1 175 25 -7.32403591616 -0.651701899404
513 3 2 175 35 8.94292790315 -5.89936799135
514 2 2 175 45 -6.18938453919 8.72177620688
515 2 4 175 55 -4.1576807172 -1.92471698909
516 3 2 175 65 1.82450512966 -7.76389505279
517 1 2 175 75 9.5892106427 2.79096488958
518 1 5 175 85 3.42318436613 1.68437241295
519 3 5 175 95 -1.09848216615 -8.5175872872
520 3 1 175 105 8.82448356453 -0.678614083083
521 1 1 175 115 7.26894859284 -9.35894259286
522 2 3 175 125 -1.52875127688 7.63558581544
523 2 4 175 135 5.57405739087 -4.37472522508
524 1 3 175 145 6.74364152357 -3.16089648467
525 1 3 175 155 4.62985605314 1.70460469423
526 3 1 175 165 -5.19630301839 0.832487134901
527 2 1 175 175 2.28098423004 -2.66917032894
528 1 4 175 185 9.09455335015 3.31016654938
529 2 2 175 195 -5.61036512498 3.35479730703
530 1 1 175 205 -2.10264134663 6.16804848439
531 2 4 175 215 -2.26352047869 2.40021931298
532 1 2 175 225 1.64739098107 -8.83195598491
533 1 2 175 235 8.74069918156 -6.18253045216
534 2 2 175 245 3.57319157247 6.50810000341
535 2 1 175 255 -1.41704931168 -5.41947761745
536 2 3 175 265 -1.54320723553 -6.08115024785
537 1 5 175 275 8.42624495395 -5.55503857011
538 2 4 175 285 -5.34559145706 -6.69809985341
539 1 5 175 295 -7.38265720845 6.40527329012
540 1 1 185 5 -1.0992515895 -1.77400891766
541 1 2 185 15 -7.73987465116 -8.25895570726
542 3 5 185 25 -2.36366434194 -1.90068429665
543 3 1 185 35 -2.05950611974 -0.241377720702
544 2 4 185 45 -1.95262065018 -9.29273290707
545 2 2 185 55 -0.329529556645 4.57313197029
546 1 1 185 65 -0.840808379746 -4.39704218797
547 3 5 185 75 5.30460704877 -1.7889324062
548 3 5 185 85 -0.560975871096 -1.69128461319
549 1 3 185 95 1.21951335481 -9.14078568263
550 3 2 185 105 3.14988009783 -2.64426685915
551 3 5 185 115 -8.88664805383 -3.67051311929
552 1 1 185 125 -3.09448406446 -9.3862853107
553 1 3 185 135 -7.56976493666 1.84933187448
554 3 3 185 145 3.97493789472 6.00252732504
555 1 5 185 155 8.25415569689 3.65990413155
556 3 3 185 165 9.69608620074 6.39217580529
557 1 2 185 175 -1.61329421267 2.06455403788
558 1 5 185 185 -2.75514416959 7.82770814534
559 1 2 185 195 -4.3173669996 -4.5202244815
560 1 1 185 205 -5.69934586661 -3.78745258362
561 2 3 185 215 6.72783411347 -3.46729046466
562 3 3 185 225 9.97094756971 5.08833677234
563 3 5 185 235 -3.12936515316 0.222204825145
564 2 2 185 245 6.91066715758 -2.61650264652
565 1 1 185 255 4.68481011971 -5.31116932954
566 1 4 185 265 -1.612443379 0.834238515027
567 2 4 185 275 1.59037376352 4.18620872468
568 1 5 185 285 -8.00105509673 5.99321422841
569 3 3 185 295 2.79775322337 -9.63545906051
570 3 1 195 5 -2.8264600086 -1.55854000419
571 1 3 195 15 0.189638547403 -1.68109361282
572 1 3 195 25 -8.7062457157 -0.190728883995
573 3 4 195 35 -6.52811369823 -0.31490802348
574 2 5 195 45 8.4493154386 9.35430065352
575 1 3 195 55 3.31693185729 3.72916392459
576 3 3 195 65 -4.96442705043 -8.15498280863
577 2 3 195 75 8.49216782149 9.97840758972
578 3 5 195 85 -9.29248322991 -8.1246980733
579 3 3 195 95 8.33743632555 6.22881015156
580 3 4 195 105 -2.24578122439 -2.32982625345
581 3 4 195 115 -9.35653181156 -8.21016964133
582 3 3 195 125 -8.03560509316 -5.71989099906
583 2 1 195 135 -8.35141680351 6.3134276568
584 3 1 195 145 -2.10579679546 2.19867696268
585 2 1 195 155 -2.48348770996 9.1824160448
586 1 5 195 165 7.59328530733 8.92273859974
587 1 2 195 175 -4.88159299427 -3.51963117424
588 2 4 195 185 0.377613368822 -1.36970749722
589 1 2 195 195 -6.04672284572 -7.46598512316
590 1 3 195 205 -1.42768905584 5.13630311654
591 2 1 195 215 -1.99712298922 -7.24389657053
592 3 2 195 225 5.67121146852 -4.43125540716
593 3 4 195 235 -0.592155560584 9.83346505493
594 3 1 195 245 5.61822496784 -5.77433547777
595 1 4 195 255 -0.785267039004 9.71202268704
596 3 2 195 265 7.63147842954 0.156295592159
597 2 1 195 275 -1.52334046754 -7.22073283177
598 2 3 195 285 3.88421645156 -0.0472595312345
599 3 3 195 295 -1.06421134014 -3.5765787411
600 1 3 205 5 -7.8996301075 -0.982855371975
601 1 3 205 15 0.344006717452 -7.57462732672
602 2 3 205 25 3.60845900715 -0.464912974953
603 3 4 205 35 3.09044068108 3.80751612333
604 1 1 205 45 -2.33896368954 4.47816102761
605 1 3 205 55 -1.08608143765 6.04588847131
606 3 2 205 65 -7.64428226248 2.23796630232
607 3 5 205 75 6.42680321619 -3.54040878946
608 3 2 205 85 -0.359860034929 -2.87820333987
609 2 5 205 95 -8.87610253003 -4.73225575378
610 1 1 205 105 -9.8965929465 -5.54881393359
611 2 4 205 115 9.37746074948 -5.45512005829
612 2 4 205 125 -5.64916228132 -2.68663430303
613 3 1 205 135 6.27694930805 5.80344946713
614 1 1 205 145 -0.636696174956 9.97603167441
615 3 4 205 155 6.15337446197 2.20704497843
616 2 2 205 165 5.63288108527 -5.90902770882
617 2 5 205 175 5.5712885175 9.9483090496
618 1 4 205 185 6.35590393727 3.18856212597
619 3 5 205 195 -7.49864560166 2.44369146284
620 3 3 205 205 8.94270120264 3.58261964261
621 1 3 205 215 6.16584344418 -4.34567332438
622 1 4 205 225 2.97636420286 -8.11309931423
623 2 1 205 235 8.47749253236 4.55643627956
624 2 5 205 245 -4.67633067688 1.03175934571
625 2 4 205 255 8.57793510061 -6.04627824583
626 2 2 205 265 -8.60925721831 7.07915501926
627 3 5 205 275 7.28101222863 -5.22956297854
628 3 3 205 285 -7.07611127445 9.09560658437
629 1 5 205 295 -0.150567621021 -0.466305186478
630 2 5 215 5 -2.82464750677 9.82228326434
631 1 1 215 15 -3.07489693595 -7.59172376482
632 2 5 215 25 4.37460546344 9.62092221655
633 2 4 215 35 9.71695561425 -9.01554546391
634 2 1 215 45 5.12036686914 3.12698248617
635 2 3 215 55 -5.23191090242 8.13446633809
636 3 3 215 65 5.17296538586 -7.71857993287
637 3 4 215 75 5.43302500944 1.47634746601
638 3 1 215 85 -9.87767811894 -1.38517705796
639 3 4 215 95 -3.3524613808 -1.27787902337
640 3 1 215 105 -4.8729443207 -1.55894032952
641 3 4 215 115 5.48848651789 -8.00970441413
642 2 2 215 125 9.85026251187 -2.92002561195
643 3 2 215 135 9.97101488519 -4.15017299421
644 2 4 215 145 -2.25355170314 -8.28463870964
645 1 1 215 155 -5.78036391398 1.3079603599
646 1 1 215 165 9.65846939068 2.05960630194
647 2 5 215 175 -6.56936261901 -4.33776526281
648 3 3 215 185 2.59848441185 -6.63573054315
649 3 2 215 195 -6.82975950528 0.763256353489
650 1 3 215 205 5.81905535487 6.71692407162
651 1 3 215 215 9.80353041391 7.92052438271
652 3 4 215 225 8.61770632157 6.59159729753
653 2 4 215 235 -3.02872188382 -2.40560451993
654 2 1 215 245 -2.06258410504 -3.45499893998
655 1 2 215 255 -8.39148875504 -3.57789046475
656 2 1 215 265 5.38842774319 -3.03058016847
657 1 5 215 275 5.56784463917 -3.53427264813
658 1 2 215 285 7.95398854477 2.7198271559
659 3 5 215 295 -9.90383732823 5.68037662963
660 2 3 225 5 -1.21200622623 0.870165489357
661 1 3 225 15 -4.22504556553 0.496285968782
662 3 2 225 25 -4.39167942176 4.36030291811
663 3 1 225 35 3.57931135996 -8.45028004668
664 2 2 225 45 1.03805808612 -3.49728210636
665 1 2 225 55 -9.31688529922 3.56948602511
666 2 1 225 65 2.36975883313 -6.11360126727
667 1 4 225 75 -4.25604274956 -8.46867166497
668 2 2 225 85 8.15130821779 4.06300044204
669 3 1 225 95 6.69761401104 8.57930923316
670 2 5 225 105 3.58133504258 3.92446632085
671 1 2 225 115 -9.11872313 -4.77361528063
672 3 2 225 125 -6.56901839027 8.0072223661
673 3 1 225 135 -3.9082840311 -6.85828748571
674 3 5 225 145 6.90941460757 -0.344227367185
675 2 5 225 155 -3.45603139245 -8.29865319263
676 1 3 225 165 -7.87300064411 -6.19090082724
677 3 4 225 175 -7.50088683005 -9.64910293687
678 1 4 225 185 7.06600218703 -7.6818840422
679 2 5 225 195 -5.0779532256 -9.98431732536
680 2 3 225 205 5.07813360655 -1.03237623609
681 1 5 225 215 -4.23843246384 9.3068929931
682 3 3 225 225 -4.18619622837 0.992377564604
683 3 2 225 235 8.61000281564 5.47892413165
684 2 3 225 245 9.2612012671 3.91845142957
685 3 5 225 255 -2.03478714133 -7.21248883875
686 2 1 225 265 3.38986265717 0.966420523544
687 1 3 225 275 1.82943241204 -2.16428888668
688 3 4 225 285 -9.86300505927 0.782699716611
689 2 2 225 295 5.80674500068 -8.60686450085
690 1 2 235 5 -8.68752466218 1.50426400221
691 2 5 235 15 -6.82013028364 8.66533456776
692 1 2 235 25 2.2483927439 0.201490992927
693 2 4 235 35 -3.24279221976 1.88297031253
694 2 4 235 45 7.61592512994 -8.38949857565
695 1 2 235 55 5.4747257925 4.71754366626
696 3 4 235 65 2.70962270585 -7.92083514151
697 1 3 235 75 -9.84490942009 2.41098194241
698 2 1 235 85 5.1934115153 6.70697767486
699 2 4 235 95 3.33103153291 0.58740074561
700 3 2 235 105 6.26546487397 3.87304235899
701 3 5 235 115 -8.49582649615 -5.0620845138
702 3 2 235 125 5.61388569782 0.340800293434
703 1 2 235 135 4.21719627014 2.99091652588
704 3 4 235 145 9.79777089282 -4.29509890248
705 3 3 235 155 8.74897735861 -3.33651655579
706 1 4 235 165 9.69789266134 -6.78739395117
707 1 5 235 175 4.99124779515 -8.27370543928
708 2 5 235 185 -3.5710748019 -3.03244181309
709 2 2 235 195 6.74504136995 2.50584177596
710 1 2 235 205 6.36503047467 -2.24146978948
711 3 1 235 215 0.883073395171 -3.41036755785
712 2 1 235 225 5.79342966703 9.76905474754
713 3 4 235 235 1.16174080869 -7.81686905212
714 1 3 235 245 1.14494242551 2.19676821153
715 3 5 235 255 1.87899721639 -0.939918908553
716 2 4 235 265 -1.83638616843 2.16790598881
717 3 3 235 275 -9.77701776884 -6.11704421742
718 2 2 235 285 0.940137282473 -0.460023491493
719 2 2 235 295 8.13234878103 -8.15598632059
720 3 5 245 5 6.7448998408 8.91895640349
721 2 3 245 15 -1.84890601665 -3.96305469612
722 3 1 245 25 0.32343954647 -3.59413036555
723 3 3 245 35 -0.381394716113 5.94660321622
724 1 3 245 45 -8.93295823649 5.96813352796
725 1 2 245 55 3.81904648695 1.50632914002
726 1 2 245 65 4.12691675093 7.72134411433
727 1 4 245 75 6.11974881852 7.47255639287
728 3 5 245 85 -6.45315513569 -3.48438155863
729 1 4 245 95 1.69151683527 0.372222223511
730 2 1 245 105 2.36715369437 -0.27208773874
731 2 1 245 115 5.39682901885 -7.7418259551
732 2 5 245 125 4.43251419573 9.00601988308
733 3 3 245 135 5.67408884965 -1.50866277059
734 1 4 245 145 -1.98258570531 -0.527923113179
735 1 3 245 155 -0.53559843391 2.99776783205
736 3 4 245 165 4.59753904166 -0.141939517758
737 1 3 245 175 -0.888318100588 -9.90600363159
738 2 4 245 185 7.24749143102 -5.80574401609
739 1 4 245 195 4.51972556131 3.12134008186
740 1 3 245 205 5.55898259957 6.68390392351
741 1 5 245 215 1.01045707841 -0.83847213438
742 1 4 245 225 -6.8356097738 -9.77047736008
743 2 5 245 235 3.35560667849 -9.81458104202
744 3 3 245 245 5.26332260402 -8.84827145656
745 2 4 245 255 0.661795456315 -7.31490042798
746 1 4 245 265 -9.33503856628 -7.4302519021
747 1 3 245 275 -3.76904730402 -7.52936333105
748 3 3 245 285 -2.3344059526 -6.49000104043
749 1 4 245 295 -8.93887809367 3.31456969638
750 1 5 255 5 9.8831829927 3.66696495118
751 1 5 255 15 -2.87268071082 0.604466763056
752 1 2 255 25 -9.09056632669 9.71285363831
753 2 3 255 35 -1.7933326333 2.7059738609
754 1 4 255 45 6.46233246113 -5.7431001156
755 2 3 255 55 -3.67283885182 -3.6250956779
756 2 4 255 65 9.18483493348 -7.97621200725
757 3 3 255 75 -5.92121149381 -2.30136468166
758 2 1 255 85 1.38321784359 -1.92537611683
759 1 3 255 95 -7.34913928962 7.63481125154
760 1 4 255 105 4.97365735203 -1.02773072422
761 1 5 255 115 -6.24363218079 1.15233773133
762 3 3 255 125 -4.32016934122 -3.86544727399
763 3 5 255 135 1.72138053667 -9.37780218774
764 2 5 255 145 8.0263160712 7.4640338631
765 3 5 255 155 3.49888575665 -7.76558231435
766 3 2 255 165 -6.95885383062 0.140386120008
767 1 3 255 175 8.51866280043 9.97404161205
768 2 5 255 185 9.4055551028 -7.35585169903
769 1 2 255 195 -7.92903194336 -7.53589342626
770 1 2 255 205 -8.44996865068 -4.45090520323
771 3 3 255 215 -2.4964177665 -9.33384916029
772 1 3 255 225 -4.57754600688 4.30404351926
773 1 2 255 235 5.20430139377 -8.05837877747
774 3 4 255 245 2.02026835025 -5.71713846105
775 1 2 255 255 -7.52361962373 3.49450175745
776 3 4 255 265 4.29770336931 -0.863988761574
777 3 2 255 275 7.15679711219 -6.42689453044
778 1 4 255 285 -8.63361131807 0.849010235441
779 3 2 255 295 5.85632675057 -9.40604359241
780 1 5 265 5 -8.22255722473 -5.45527933426
781 3 4 265 15 6.28351633186 0.392113844785
782 1 5 265 25 -4.34924840843 -0.980357563914
783 1 5 265 35 5.03194380055 9.90416972124
784 2 5 265 45 -2.66809932069 8.57522055862
785 2 5 265 55 6.03701665739 -7.90240132916
786 2 5 265 65 0.958270494904 6.3251958517
787 2 3 265 75 6.27761998369 7.00431058923
788 1 5 265 85 -0.708487323514 8.88019490054
789 3 1 265 95 9.70452952252 -4.35542840638
790 3 3 265 105 -6.03654515718 4.63122137453
791 3 4 265 115 1.78389898815 5.0447232013
792 2 3 265 125 9.97389202033 -5.94022056734
793 3 5 265 135 9.58248153141 5.23122553742
794 2 5 265 145 7.64012588842 8.65336964825
795 2 3 265 155 -9.78000696963 7.86211028088
796 1 3 265 165 7.73847833916 -7.32142017233
797 3 2 265 175 7.1857328766 -3.30118733929
798 3 4 265 185 -7.09911592608 -8.42060458901
799 1 1 265 195 7.77298845336 0.233304535535
800 2 3 265 205 -5.62875191218 1.6623404193
801 2 1 265 215 0.0796329322196 3.95263153404
802 3 1 265 225 7.86644929916 -8.24870039664
803 2 5 265 235 1.11204879379 5.48635213977
804 3 4 265 245 -8.03295436368 8.67261143352
805 3 3 265 255 1.66828564252 1.70771742387
806 1 5 265 265 4.16991824528 1.53889223511
807 1 1 265 275 -3.79265587368 6.24319702785
808 1 4 265 285 5.00729204986 -4.75300119752
809 1 2 265 295 -3.38295770152 -9.3296424503
810 2 4 275 5 -0.375921977267 8.71034129625
811 1 2 275 15 5.43513964612 -0.789303282957
812 3 5 275 25 -4.06833827362 -4.19155507095
813 2 5 275 35 3.06268212268 -8.31680446252
814 2 2 275 45 -4.68967033049 8.42770316976
815 1 2 275 55 -1.07445247348 8.13108759266
816 2 5 275 65 -3.91254433638 -9.61869570473
817 1 5 275 75 -1.02878971654 -0.433133109693
818 3 5 275 85 5.26117190673 8.48672507742
819 3 2 275 95 -6.82610954979 8.7700620727
820 3 1 275 105 6.7364995022 -1.3871987479
821 1 1 275 115 9.21163103357 -6.12305416469
822 1 4 275 125 -8.84536015589 -6.27666280298
823 1 3 275 135 -7.64852566559 5.89764368579
824 1 5 275 145 -8.38580554448 -7.90561337706
825 1 4 275 155 -0.0986010173621 2.89244941824
826 3 2 275 165 -2.06664678682 0.76083713878
827 3 3 275 175 2.22201335844 6.95805193345
828 1 3 275 185 3.42504216903 3.42792536405
829 1 1 275 195 9.94919389655 8.46851401693
830 3 2 275 205 -8.97206476701 -2.78683842262
831 2 5 275 215 -9.88664264608 7.99448237372
832 1 5 275 225 -4.12770610358 3.48687716619
833 2 3 275 235 -2.67477558761 -3.12914629407
834 2 4 275 245 -6.89945773854 -3.29386397956
835 2 2 275 255 -0.925303862565 -3.53667844836
836 3 4 275 265 3.32799768917 1.12455243224
837 3 3 275 275 -6.80669246032 -5.37722868415
838 2 1 275 285 -2.19606126413 0.452710576626
839 3 5 275 295 -3.13603013238 7.39776145202
840 2 2 285 5 -5.34256429841 -1.67313627945
841 1 1 285 15 -2.8237271692 5.53441501366
842 3 4 285 25 -6.53569747172 9.12000690367
843 2 5 285 35 9.7744480436 -1.1595448115
844 1 2 285 45 8.0919150457 1.64666126443
845 2 1 285 55 0.511200186534 2.6444158131
846 1 1 285 65 5.93753111242 4.8042032249
847 3 1 285 75 -7.54233976643 -1.63625868144
848 3 4 285 85 1.51920056952 -6.89725490255
849 1 3 285 95 -3.40162711491 2.71446218491
850 3 5 285 105 8.25475568183 -9.45284988488
851 2 3 285 115 4.71352308068 -7.53705415301
852 1 1 285 125 9.88032695264 -7.11827418895
853 3 1 285 135 0.217623669598 8.08140036267
854 2 3 285 145 -3.01683346007 -0.0555127306375
855 3 2 285 155 -7.98732144316 1.49671987576
856 3 2 285 165 0.778398247337 9.71518755761
857 2 4 285 175 5.65720517283 8.72373944076
858 1 3 285 185 9.81927778963 1.65412526404
859 2 5 285 195 -3.55941580109 -9.18794463838
860 3 3 285 205 4.70161913307 2.91283463427
861 3 2 285 215 4.73063086429 -8.91529104197
862 1 2 285 225 8.13990880007 9.91296212652
863 2 4 285 235 -6.24278561586 1.21915078191
864 2 1 285 245 8.58746845148 -0.596504619212
865 3 5 285 255 -6.02803521262 0.469067772391
866 3 4 285 265 -9.79869697649 -6.67949120847
867 1 5 285 275 6.70172839535 7.02096127251
868 2 1 285 285 0.880165420391 -6.05535520542
869 3 5 285 295 -0.500282735753 0.588166573348
870 2 5 295 5 -6.07104559863 0.743512211379
871 2 1 295 15 -0.656416599531 2.03505186167
872 2 5 295 25 3.84036608334 -6.50888075952
873 2 2 295 35 -7.89992962315 -7.09151141347
874 2 5 295 45 -7.13078502329 3.0254300008
875 3 3 295 55 -4.08852465337 9.28776373438
876 2 2 295 65 7.22154725287 -4.73797463021
877 2 3 295 75 9.83249980727 8.99016566585
878 2 2 295 85 -8.11292415372 -0.714053184122
879 2 4 295 95 5.43798128064 -3.36251184997
880 1 2 295 105 -1.6904932882 2.60368045574
881 3 4 295 115 -1.59155758689 3.00937515527
882 3 5 295 125 -7.32853378181 4.72524320827
883 3 5 295 135 -0.0899693719074 -4.19558623946
884 1 4 295 145 2.38064694279 0.646119428797
885 3 5 295 155 4.6682009473 5.03749270792
886 3 4 295 165 -8.16364941615 3.63115008226
887 2 3 295 175 5.39344887746 -3.79009068811
888 2 1 295 185 -7.18731688377 0.0846952522301
889 2 5 295 195 1.53475089089 6.13122676763
890 2 5 295 205 9.03781028239 -6.09916043752
891 3 4 295 215 -0.944920497478 -8.29781127254
892 3 4 295 225 8.25875757248 9.0088427018
893 2 1 295 235 1.69882120582 0.229587394175
894 1 2 295 245 6.29208369542 -0.524133332764
895 2 5 295 255 -0.980371716163 4.71969492836
896 2 1 295 265 8.46507876136 -4.28150068037
897 2 2 295 275 0.239732012598 3.83135527917
898 2 3 295 285 6.0487231387 -8.50306763491
899 1 3 295 295 -3.60399786263 2.34350589574
